2132.24705882 1648.61045817 43
2146.29961473 1908.75294117 8
2389.84130766 1615.32092359 8
2423.84412964 1908.75294118 51
2964.64072578 1908.75294118 15
3069.24191459 1701.29332119 15
2703.63606516 1908.75294118 55
2646.99251616 1616.24705882 698124112
3063.75294118 1451.80603754 698124208
2713.69782132 1384.1895757 1
3063.76089268 1184.93458897 698124464
3066.270614 926.463631881 698124560
2711.64402117 1136.19144378 1
2946.54305601 708.124776295 698124816
2663.13135838 887.482937564 698124912
2707.15675913 594.864227619 1
2445.14115403 521.248556488 698125168
2413.67082107 805.735560923 0
2177.60144704 488.677274478 0
2146.57809734 780.81801151 698125520
1906.63982898 494.247882313 698125616
1877.34500224 797.566245888 1
1640.37786908 542.165057707 698125872
1618.9665095 876.716594765 698125968
1388.66123312 641.958713757 1
1166.89438559 797.912303897 698126224
1399.30603589 1034.2103175 698126320
990.612014254 1004.01408636 1
867.830796524 1245.79442736 698126576
1250.926004 1260.18850194 0
797.711188687 1507.26620426 0
1172.61871629 1518.83756238 698126928
770.327825925 1776.30431508 698127024
1147.02108559 1787.8140842 1
778.870731814 2045.8919278 698127280
824.2236968 2310.2361895 698127376
1154.63907348 2057.13010803 1
916.306727953 2561.74030421 698127632
1206.72081705 2319.89921708 698127728
1062.3491803 2787.29467673 1
1320.05301798 2562.45695131 698127984
1257.96028107 2972.31578066 0
1506.72464918 2754.87266337 0
1492.14007449 3103.72150068 698128336
1748.41590896 2869.6443297 698128432
1748.73948745 3179.83097874 1
2015.85013157 3207.584982 698128688
2012.53013555 2914.50916532 698128784
2285.69936103 3199.40820484 1
2281.70358002 2905.93527499 698129040
2551.79985028 3150.95062942 698129136
2544.89486827 2844.18861477 1
2801.71540371 3064.14161397 698129392
2777.19307133 2733.63996934 0
2994.75294118 2892.41177501 0
2994.75294118 2619.63140466 698129744