2456.75165588 39.3726733828 144
2205.53680672 128.954071522 4
2704.33165175 130.706377483 4
2781.47496575 380.708617344 4
2078.93124567 372.868633519 9
2724.4272541 645.416104454 4
498.786658093 59.5093180024 29
231.341773125 58.3783867053 4
2000.36749245 633.135074877 45
2630.49341442 903.366635668 4
679.675566193 247.290905262 80
39.3123622344 240.046281709 4
1736.18953334 669.330312664 98
2535.9264367 1161.65213746 4
762.076502439 484.710298999 108
47.6934319533 507.710800594 4
1463.56227138 668.524229075 124
1185.97670214 668.524229075 4
2441.31390043 1419.87503796 2
1776.24558505 1331.75263217 4
921.602440883 668.524229075 -368
128.983540093 763.930369308 -391
1530.76595321 1331.31684425 -425
2346.81707379 1678.0946218 -1
1693.32270069 1604.60311127 -1
222.036771989 1016.35112724 -1
1280.31633737 1327.3122092 -1
2252.16595719 1936.35008862 -1
1608.12445451 1875.55325556 -1
314.47050449 1269.1468966 -1
1020.15259346 1350.55863018 -1
2157.7617955 2194.72247327 -1
1553.16179637 2137.14600286 -1
408.664454413 1521.21065819 -1
1136.88585387 1641.81206754 -1
1966.98623472 2710.77152663 -1
2062.91428125 2452.89235578 -1
1224.14417724 1903.11241298 -1
500.630197916 1774.09915339 -1
1858.76260715 2963.38015742 -1
1418.31150874 2400.87366259 -1
1298.02191603 2157.05258113 0
593.663963286 2026.69478511 0
1692.56636282 3179.82225455 0
686.550538927 2279.4755039 0
1439.27448272 3270.40835143 0
779.681791695 2532.27931924 0
1177.44883879 3220.43071403 0
875.828827069 2784.25552284 0
987.434169147 3030.04349892 0