2456.75165588 39.3726733828 2
2205.53680672 128.954071522 1
2704.33165175 130.706377483 1
2781.47496575 380.708617344 3
2376.41526226 253.524678833 0
2078.93124567 372.868633519 1
2547.29372307 378.095286954 0
2724.4272541 645.416104454 1
2294.09657995 463.717789868 0
498.786658093 59.5093180024 1
231.341773125 58.3783867053 1
2000.36749245 633.135074877 1
2483.07399759 641.322424774 0
2630.49341442 903.366635668 1
2210.40946334 723.212260304 0
378.570399038 240.206741841 0
679.675566193 247.290905262 1
39.3123622344 240.046281709 1
1925.66018768 866.007593918 0
1736.18953334 669.330312664 1
1661.38167202 889.992488483 0
2357.40678641 985.479781495 0
2535.9264367 1161.65213746 1
2141.53348705 925.743687707 0
258.354141984 420.904168415 0
528.650140081 492.225765305 0
762.076502439 484.710298999 1
47.6934319533 507.710800594 1
1850.95288617 1098.88011244 0
1463.56227138 668.524229075 1
1487.66411172 999.920533827 0
1185.97670214 668.524229075 1
2282.6994849 1218.35230002 0
2441.31390043 1419.87503796 1
2029.47253478 1275.05246549 0
1776.24558505 1331.75263217 4
921.602440883 668.524229075 1
344.366413229 668.937649905 0
742.485100656 674.906418335 0
128.983540093 763.930369308 1
1511.76595321 1331.31684425 2
1329.51643135 1118.50953383 0
1214.39893577 898.722302117 0
968.138906315 921.019094293 0
2346.81707379 1678.0946218 1
2061.53132676 1504.92362587 0
1693.32270069 1604.60311127 1
722.893701811 865.102540155 0
459.627988666 898.219806719 0
222.036771989 1016.35112724 1
1267.31633737 1327.3122092 2
1153.73246634 1110.86824011 0
896.270929382 1139.57054528 0
2252.16595719 1936.35008862 1
1972.74432656 1770.47659688 0
1608.12445451 1875.55325556 1
824.40295245 1358.12199957 0
646.732636219 1134.11823073 0
314.47050449 1269.1468966 1
1056.15259346 1398.55863018 1
882.572700733 1515.90094367 0
2157.7617955 2194.72247327 1
1882.9431237 2035.13786356 0
1528.16179637 2137.14600286 1
408.664454413 1521.21065819 1
638.396321342 1477.69313448 0
1136.88585387 1641.81206754 1
822.968681254 1707.08015037 0
1966.98623472 2710.77152663 1
2062.91428125 2452.89235578 1
1790.24004624 2291.89096042 0
1633.58917716 2381.81659469 0
1461.63260281 2353.34879131 1
1224.14417724 1903.11241298 1
500.630197916 1774.09915339 1
1047.3528874 2026.88194981 0
777.216811064 1896.64420819 0
1858.76260715 2963.38015742 1
1706.68956519 2729.78077054 0
1773.29303319 2573.77764847 0
1476.52869599 2490.78301421 0
1376.31150874 2366.87366259 1
1307.02191603 2157.05258113 1
593.663963286 2026.69478511 1
1132.25536504 2233.15955953 0
868.221432297 2152.28980862 0
1692.56636282 3179.82225455 1
1599.35879039 2940.22762671 0
1516.25328268 2726.60084842 0
1334.61546094 2545.84115981 0
1206.65073736 2413.90928489 0
686.550538927 2279.4755039 1
960.952039442 2403.29720133 0
1439.27448272 3270.40835143 1
1288.02375491 2745.82176991 0
1420.79436011 3005.2138936 0
1068.6120219 2623.48230769 0
779.681791695 2532.27931924 1
1177.44883879 3220.43071403 1
1101.86363677 2834.90183201 0
1235.82405273 2969.87299494 0
875.828827069 2784.25552284 1
987.434169147 3030.04349892 1