2800.51670372 2361.2954951 -1
2835.37115319 2120.26918602 40
2662.75584725 2578.9762491 28
2584.57305869 2064.49818258 111
2471.91235823 2771.64759622 46
2333.69179642 2005.16937272 38
2236.92088438 2906.99551758 122
1976.2775157 2982.46574933 28
2080.94562382 2036.7964459 35
1706.51566441 3013.19784901 134
1435.1256027 3009.62600871 31
1932.45467907 2254.16953578 7
1166.83255386 2972.3796049 24
908.751835429 2891.43265694 5
673.107984932 2758.20869536 5
1683.14056535 2355.95411329 -1
474.180159968 2574.20892971 11
1415.09836717 2328.60115863 14
323.519175973 2349.10701285 -1
225.107507339 2097.04538146 18
1194.8679888 2173.68261458 14
172.360944792 1831.49992882 178
1074.40799187 1932.27033464 24
155.899719068 1560.68790406 19
1036.12615497 1663.80989995 -1
170.683124898 1289.5063747 89
320.827614903 770.057321142 80
222.217628664 1022.96487604 43
469.618694958 542.989364625 91
1038.95768862 1391.74216033 73
658.821368986 348.511821261 47
1078.71771476 1123.18710635 82
889.56714979 206.000697748 71
1148.18970296 124.101604714 220
1202.18004029 883.194886966 2
1416.9484039 85.8557749228 1848404464
1436.23518979 750.621537838 1848500464
1689.28493472 77.9726774679 2
1705.24140187 744.423591649 1848756464
1960.29189502 101.580440394 1848852464
1947.90156576 859.813164406 2
2225.41431095 172.960913691 1849108464
2080.00597803 1070.9178937 1849204464
2465.04521429 307.087694747 2
2215.05281645 1278.00989454 1849460464
2461.52659688 1193.42234607 1849556464
2661.89423776 498.984697694 2
2708.01966582 1123.62922014 1849812464
2806.54566524 731.746888665 1849908464
2897.49054332 973.747491171 2