2464.17019354 845.396570986 113
3287.47087317 846.453594563 44
2738.53025811 844.792631851 45
3013.05383982 844.791747801 123
2461.57991205 1118.54250075 45
3288.01462309 1119.96869917 106
2461.57773262 1391.9632182 135
3288.01563887 1393.60293968 105
2461.57777778 1665.62864914 102
3288.015625 1667.25549867 146
2461.57777778 1939.29553956 101
2461.57777778 2212.96242999 97
3288.015625 1940.90818706 42
1063.9947644 4388.51301088 94
1063.9947644 4119.54502021 90
2461.57777778 2486.62932041 -1
3288.015625 2214.56087546 86
1088.037715 4920.80334728 83
1063.53279144 4657.75132653 18
1327.31403396 4093.55940316 39
2461.57777778 2760.29621084 23
3288.015625 2488.21356385 190
1358.06071994 4920.80334728 49
1597.35977941 4094.10697674 49
3288.015625 2761.86625224 -1
2461.57777778 3033.96310127 50
1633.46012708 4920.80334728 58
1872.96608669 4094.10697674 211
3288.015625 3035.51894063 68
2461.57777778 3307.62999169 71
2461.57777778 3581.29688212 -1
2148.19498477 4094.10697674 76
1908.95211809 4920.80334728 76
3288.015625 3309.17162902 233
2463.22362381 3844.94063164 85
2413.28016334 4094.10697674 77
2184.44410909 4920.80334728 244
3288.015625 3582.82431742 79
2459.9361001 4920.80334728 78
3286.2550605 3846.05098436 253
2735.42809111 4920.80334728 74
3337.67318157 4094.10697674 60
3010.92008211 4920.80334728 117
3602.29418962 4094.10697674 4
3286.41207312 4920.80334728 -2
3877.46983637 4094.10697674 -2
3561.90406412 4920.80334728 -2
4153.0588516 4094.10697674 -2
3837.39605513 4920.80334728 -2
4422.57259951 4093.46069557 -2
4112.88804614 4920.80334728 -2
4684.61344538 4121.85791758 -2
4388.26659351 4920.80334728 -2
4685.17682592 4659.01011254 -2
4684.61344538 4390.28783231 -2
4657.76224786 4920.80334728 -2