348.592365271 498.082831031 0
344.336477584 499.628436202 0
346.485383377 498.918719357 0
337.642553599 500.058990352 0
335.503625759 499.361739357 0
339.879012953 500.312223191 0
342.119220156 500.060991925 0
350.522117131 496.893093448 0
333.519134393 498.303467534 0
352.310246162 495.502527038 0
353.848645248 493.838874454 0
355.054951775 491.919028583 0
331.808253454 496.840255203 0
355.789755193 489.776847012 0
356.062760667 487.536657887 0
330.505870549 495.000361786 0
226.753374315 512.075975769 0
224.546877561 511.643888062 0
228.991962405 512.312948667 0
231.252403385 512.313053702 0
355.810809962 485.300876751 0
329.670186297 492.905392665 0
222.40271237 510.939161944 0
220.331823703 510.03228012 0
233.500038679 512.067187099 0
235.667708501 511.423290144 0
355.277014535 483.113388603 0
329.11320487 490.724452546 0
218.423640339 508.825777216 0
237.694246202 510.416295346 0
354.491631531 480.994321189 0
328.70427898 488.517514399 0
239.503873504 509.058636848 0
213.747284161 503.983009459 0
215.049846549 505.830435277 0
216.648181624 507.42996942 0
353.470582066 478.973635318 0
328.456052958 486.280871984 0
241.000114235 507.359837047 0
212.746711421 501.956863738 0
242.178485382 505.424057891 0
352.268854119 477.059851372 0
328.426001766 484.023367684 0
212.203743768 499.763694013 0
242.973460646 503.303261247 0
350.845017499 475.311413144 0
328.187674446 481.78452314 0
212.187584173 497.501916799 0
243.312196408 501.066361665 0
349.491651615 473.509683901 0
327.938258072 479.552555585 0
212.662351666 495.288875576 0
243.255784596 498.808095703 0
348.053188757 471.773583332 0
327.687992684 477.320298325 0
213.451037993 493.165963356 0
243.061992631 496.565615924 0
346.59138592 470.057031349 0
327.431651891 475.089552529 0
214.489957786 491.15139176 0
242.812005743 494.333520546 0
140.724084651 477.724071835 0
138.757040632 476.612978377 0
136.908739404 475.31713173 0
142.868840639 478.425841888 0
147.308988877 478.895920913 0
145.076768322 478.811397669 0
345.238875128 468.25428794 0
326.976808794 472.891322716 0
215.642258567 489.198034064 0
242.556024771 492.102740036 0
135.252316232 473.782984403 0
133.776703117 472.074934701 0
149.543111683 478.648176349 0
343.850661432 466.477946772 0
326.493453901 470.695363912 0
216.832114808 487.26617377 0
242.184596579 489.890369017 0
132.710482145 470.089318044 0
151.73201454 478.081600135 0
153.829172245 477.225034715 0
342.554712645 464.633013434 0
325.884682302 468.526024481 0
218.032330159 485.341113585 0
241.854109567 487.671595635 0
132.323007629 467.879472947 0
155.737229232 475.999605932 0
341.257451871 462.788460549 0
325.197539715 466.378452118 0
219.178054483 483.383800297 0
241.571523304 485.44390928 0
132.47537618 465.642201119 0
133.176144998 463.494811627 0
157.362272802 474.417213777 0
340.053697259 460.879387571 0
324.3833957 464.270606751 0
220.283728891 481.404456489 0
241.322764794 483.211434193 0
134.14567649 461.443976808 0
158.620349471 472.528820416 0
338.847617938 458.969796661 0
323.383915636 462.238579085 0
221.369588158 479.414849973 0
241.073665521 480.97320443 0
135.334909514 459.511772179 0
159.636755544 470.499182848 0
337.742183751 456.996059946 0
322.466307137 460.169936243 0
136.599187046 457.626996683 0
222.29836517 477.346622763 0
241.060380077 478.715061518 0
160.37238174 468.352247149 0
336.728584442 454.970239811 0
321.363725312 458.197038816 0
137.965055445 455.815301674 0
223.101509331 475.2249388 0
240.812382838 476.470511165 0
161.059718318 466.191342483 0
320.156871201 456.287813279 0
335.815408329 452.899776951 0
318.888059021 454.420704541 0
139.387595596 454.049135745 0
223.816837277 473.071595995 0
240.812745075 474.206045157 0
197.672860944 468.559492538 0
195.465614624 468.11471217 0
193.282128104 467.566155863 0
161.546014262 463.979739328 0
335.014044012 450.788415899 0
317.420925303 452.701712294 0
140.813640399 452.286295575 0
224.425999735 470.888947313 0
240.812745098 471.935371944 0
204.349178586 467.70266096 0
199.931996682 468.563153579 0
202.184001405 468.359473481 0
206.279407799 466.516208811 0
187.340134685 464.413545767 0
189.173408731 465.723148085 0
191.162861842 466.790005759 0
161.987928045 461.761279971 0
334.344205446 448.637053324 0
315.820051439 451.103465649 0
142.207842926 450.498235218 0
224.861377453 468.669892121 0
240.81251259 469.668384006 0
207.888232016 464.925050834 0
185.696970148 462.878681369 0
184.493625636 460.975383616 0
162.34257382 459.529303449 0
333.859819307 446.441107928 0
314.015791976 449.746251013 0
57.6066723638 418.387909615 0
59.2269546259 419.972333576 0
63.1638292781 422.194157326 0
61.139418463 421.183090982 0
67.5687359882 423.063254874 0
143.651989605 448.749707733 0
225.187239619 466.43518415 0
241.061181714 467.422438779 0
209.2025945 463.092953215 0
183.718501851 458.853361994 0
162.723305678 457.303799073 0
333.572548229 444.20718894 0
312.103259513 448.54419785 0
310.078335284 447.532208751 0
52.7478361085 408.461146188 0
56.0237335567 416.766224497 0
54.8130847967 414.85382872 0
53.1652325691 410.666531867 0
53.801662022 412.829560067 0
65.3269329554 422.834220392 0
69.8298181042 423.061988726 0
145.007548395 446.930681493 0
225.432521437 464.188308474 0
241.313037808 465.179330628 0
225.437257812 461.921446031 0
209.56170259 460.86937818 0
183.735457533 456.589519995 0
163.056744196 455.071309813 0
333.608069756 441.947898329 0
307.968186335 446.722440958 0
305.8078739 446.082883778 0
303.599483456 445.664835637 0
52.9369602342 406.222797359 0
72.0379361851 422.564075198 0
146.352959747 445.103831892 0
241.751794002 462.961242662 0
225.434065623 459.657126806 0
209.804280427 458.630255348 0
184.400088139 454.422766411 0
163.316623726 452.828801181 0
333.99882798 439.721927947 0
296.878665607 445.062736375 0
301.381391835 445.313556763 0
299.142847978 445.068080622 0
53.4190147407 404.017913931 0
74.13044255 421.700157479 0
147.669311433 443.255987101 0
242.319690359 460.767753449 0
225.186600609 457.418487106 0
209.563198672 456.389432783 0
185.420717331 452.396868574 0
163.634692749 450.593205913 0
334.724644158 437.579422304 0
294.611801573 445.082717881 0
292.371031663 445.37668164 0
290.148095041 445.767471764 0
54.3813126136 401.968010804 0
55.7292903865 400.151646411 0
76.0545976357 420.505064173 0
148.868442679 441.330155361 0
243.077472696 458.629260209 0
224.916486695 455.188655465 0
209.557867081 454.131226325 0
186.726825767 450.542314986 0
164.05377606 448.373638771 0
335.742798711 435.553945029 0
287.910621156 446.076162263 0
285.691795591 446.505878049 0
281.24133168 447.293863793 0
283.458822075 446.857339947 0
272.272109753 448.312753105 0
279.003030488 447.597625468 0
274.53444121 448.230091563 0
276.778990993 447.982356335 0
267.73851452 448.312913976 0
270.003039033 448.312745161 0
57.3553110645 398.58603013 0
77.7764503315 419.03293444 0
149.953924589 439.340523207 0
265.500328508 448.06238014 0
244.091515869 456.598834764 0
245.295149443 454.675931266 0
246.692452004 452.890842785 0
224.448423187 452.990204467 0
209.07056513 451.932196616 0
188.098381571 448.737114197 0
164.372236633 446.136498637 0
337.089341282 433.728949189 0
338.704804732 432.136010378 0
59.2536361998 397.357856124 0
79.2164463765 417.282097963 0
150.982178547 437.323183235 0
248.416066252 451.418731091 0
263.29133945 447.744335307 0
223.802189065 450.831428591 0
208.563512448 449.755295655 0
189.492237504 446.948659178 0
164.82412709 443.919789766 0
340.538419354 430.799705283 0
61.310973371 396.406200007 0
80.5367798973 415.437066997 0
151.868905442 435.23788777 0
250.289242786 450.139095091 0
258.875931766 447.451348515 0
261.112803456 447.311673743 0
222.993762188 448.724460489 0
221.788494604 446.817845689 0
208.588761104 447.527945038 0
190.838676783 445.123595869 0
165.351866168 441.7165526 0
342.488386341 429.641622886 0
63.4686526934 395.706429042 0
81.7933160234 413.547082287 0
152.640872347 433.106383258 0
252.312249426 449.110248476 0
254.44599999 448.342607888 0
256.644556339 447.805565533 0
220.323463911 445.104783522 0
218.518579578 443.752517953 0
209.444766051 445.449153238 0
192.016231096 443.186419612 0
165.982619309 439.538781754 0
344.46637064 428.532455255 0
65.6720818256 395.170266938 0
82.9940099971 411.621687785 0
153.190162563 430.910700965 0
210.633728102 443.534327825 0
212.095832295 441.842279866 0
214.312989138 442.150771649 0
216.469746932 442.803179284 0
192.880757331 441.101276609 0
166.772460078 437.41320697 0
346.551251942 427.643188887 0
67.8731641389 394.626163724 0
84.1724258519 409.68305185 0
153.469910786 428.669905083 0
193.070289001 438.866054058 0
167.716680173 435.351252952 0
348.698356571 426.925180705 0
70.0499107218 393.99563554 0
85.3353911329 407.735100548 0
153.687408483 426.421587852 0
192.481115669 436.701012756 0
168.948623144 433.446946866 0
350.893063865 426.371301616 0
72.1984980839 393.278510982 0
86.5360519098 405.809662304 0
153.662710411 424.163548262 0
191.19113781 434.86080624 0
170.531486077 431.82380239 0
172.440491919 430.60401691 0
174.586066108 429.885924235 0
353.152532256 426.312965022 0
74.3090097763 392.451850118 0
87.7964403639 403.921791266 0
153.246375233 421.95347225 0
189.55000582 433.328871829 0
187.677660378 432.076755039 0
185.642501941 431.090984064 0
183.518357978 430.325057433 0
176.825594813 429.563214138 0
179.087101118 429.562213886 0
181.325973122 429.815760881 0
355.373951645 426.677217999 0
76.3095842976 391.382936595 0
89.0536538381 402.031746863 0
152.766150351 419.756365713 0
357.381248651 427.69247586 0
78.259902904 390.224567973 0
90.3874181689 400.196903727 0
152.062688395 417.608774869 0
151.051523597 415.58265051 0
359.107912213 429.139678716 0
80.1190323993 388.925612991 0
91.8490035333 398.463260565 0
149.84395965 413.672269038 0
360.476518927 430.931943984 0
81.899580676 387.522448017 0
93.4532901893 396.859828717 0
148.531602345 411.832830845 0
361.588575346 432.900369619 0
83.6215837034 386.047770186 0
95.1878697971 395.400230204 0
146.943120835 410.22176159 0
145.46899844 408.510688444 0
362.597365119 434.927985139 0
85.2336714624 384.452547896 0
96.8980231443 393.914762014 0
143.759172283 407.04055607 0
142.045781038 405.574078568 0
363.40725429 437.039891523 0
86.7073940246 382.729856591 0
98.408604016 392.247876307 0
100.380252973 391.196419542 0
140.329462117 404.110724632 0
364.173104983 439.165673608 0
13.1258927801 317.719801774 0
14.0282140937 319.789074646 0
15.3214494768 321.637430096 0
16.8043948128 323.33558914 0
18.6346676213 324.652621124 0
20.7308244201 325.477427581 0
88.1603513691 380.989652623 0
102.491797871 390.41581662 0
138.611934653 402.642909985 0
372.110846691 418.191654779 0
372.785128648 420.335184168 0
364.949759685 441.287793445 0
372.075386381 415.936354966 0
12.4599393535 315.560919831 0
12.4372669283 313.295262774 0
12.4371950843 311.026092198 0
22.9559436063 325.812881766 0
104.56035839 389.48571136 0
106.589633069 388.4710643 0
89.5171876494 379.171613394 0
137.013159983 401.044620614 0
374.004493449 422.222384477 0
375.684559943 423.72351767 0
365.675935569 443.428019425 0
372.542325077 413.743758529 0
13.1471771756 306.586756742 0
12.5072189581 308.759865238 0
25.201127776 325.60861878 0
108.651714733 387.526211634 0
90.8042694151 377.302934929 0
110.775555396 386.737536661 0
135.430318256 399.439864353 0
133.71763187 397.976533885 0
131.781604827 396.810769975 0
377.544300344 425.002778865 0
366.452743285 445.550223254 0
374.623415577 412.953271483 0
14.1866826022 304.578640011 0
27.4067104252 325.104937165 0
91.9396720045 375.339011986 0
112.991669576 386.2936935 0
130.177088868 395.208738919 0
379.557784814 426.038341227 0
367.325275788 447.635564132 0
376.838365862 412.585522675 0
15.6115702776 302.825815757 0
29.549781147 324.36258728 0
64.3927848538 355.184863973 0
66.4995802527 355.984494993 0
62.4705221378 354.001089001 0
60.8741114977 352.397074101 0
59.5545357053 350.561714425 0
93.0526108273 373.363085106 0
115.233639227 386.06285005 0
117.469096546 386.324052012 0
119.638880552 386.93441588 0
128.574395267 393.605845535 0
381.586499213 427.054363694 0
368.235399123 449.707900864 0
379.09609912 412.555101482 0
17.294992732 301.313736681 0
31.5812155092 323.350145211 0
68.7550885022 356.062585909 0
70.9992317814 355.799342723 0
58.4358182734 348.5993036 0
57.6223949706 346.492580347 0
56.9420705887 344.3436623 0
73.1429397927 355.068471729 0
93.9902340781 371.29886426 0
125.392251983 390.422968072 0
121.708182882 387.841313454 0
123.667053182 388.967803216 0
127.106750576 391.888427491 0
383.613787862 428.070179734 0
369.252185107 451.731117964 0
381.33852373 412.403569586 0
19.2800444457 300.219671213 0
33.5446684887 322.211901428 0
56.6872112047 342.103411006 0
56.9342055538 337.596723925 0
56.6867313185 339.843004118 0
57.608441776 335.441377236 0
75.1724636214 354.053650633 0
94.8582159372 369.204599998 0
385.690330186 428.976469467 0
370.548925992 453.581781439 0
383.577994998 412.564387411 0
21.4179905498 299.467336744 0
35.4324843841 320.952109815 0
58.6997345322 333.462858986 0
77.1490210284 352.939390222 0
95.637176193 367.075694739 0
387.718547673 429.990447358 0
372.015126006 455.296139571 0
385.802166414 412.893378986 0
23.6276876424 298.977440888 0
37.3577074055 319.750853566 0
60.1904185754 331.760651789 0
79.0554497494 351.709036552 0
96.2232705337 364.887493058 0
389.746218745 431.003262506 0
373.725164487 456.765077329 0
387.976239759 413.472365213 0
25.8681131172 298.687366485 0
39.2844750001 318.552786023 0
62.0561971227 330.474439119 0
96.6828195376 362.673321484 0
80.9033674066 350.392225108 0
391.657595368 432.207901295 0
375.64975285 457.938662394 0
390.119779584 414.167737819 0
28.110637021 298.437649491 0
41.2350458542 317.39437194 0
64.1894530364 329.716375599 0
96.9372396585 360.430329803 0
82.7509384866 349.075137866 0
393.514335673 433.485690283 0
377.756900061 458.738622054 0
392.195349381 415.05104447 0
30.3569448304 298.196527569 0
43.2127366495 316.283869439 0
66.4286471618 329.437252302 0
97.1872668668 358.190854468 0
84.5986545751 347.75760136 0
395.211020493 434.96703033 0
379.988851656 459.063816334 0
396.604619656 436.738129201 0
394.198202605 416.087839038 0
32.6199736749 298.187563976 0
45.1894287297 315.170588963 0
68.6630005536 329.687308955 0
96.6735744041 353.723720992 0
96.9393044543 355.956185205 0
86.4892173652 346.502403426 0
382.249526001 459.062372848 0
397.71819882 438.699939756 0
384.497097476 458.815815728 0
396.156342901 417.209391673 0
34.8683076308 297.937274504 0
47.2197752751 314.155430746 0
70.8732956594 330.072982858 0
96.0407813401 351.560316242 0
95.1366040499 349.491794791 0
88.4712690178 345.405018998 0
93.8605056604 347.632035125 0
388.742078785 457.269447153 0
398.415713706 440.842850994 0
386.669757351 458.185888567 0
390.726074226 456.172597452 0
396.852354893 449.577880777 0
397.817154051 447.527867887 0
398.56282686 443.09002918 0
397.988920377 418.526423795 0
37.128619807 297.872846047 0
49.2507364945 313.140055827 0
73.0934087622 330.400750767 0
92.3955436203 345.926129373 0
90.5792389011 344.608917679 0
392.52236724 454.787967109 0
394.12712826 453.185010942 0
395.613744095 451.474823768 0
398.384553589 445.338620467 0
399.722193265 419.969872939 0
39.3732666838 297.625239505 0
51.2812242645 312.125431992 0
75.3332192004 330.198680896 0
399.589133325 396.607608498 0
399.312846886 394.371296298 0
400.35186269 398.731758948 0
399.622145467 392.135153203 0
401.424657809 421.454902413 0
41.6063691038 297.30491158 0
53.3612541869 311.220032602 0
77.5350583858 329.71338826 0
402.851326021 402.482081472 0
401.484460178 400.685410179 0
404.402907671 404.124439295 0
400.283499421 389.969035874 0
403.023824913 423.055724273 0
43.8349110995 296.937032869 0
55.4751445639 310.397917236 0
79.5593529848 328.715460735 0
406.114278954 405.597069503 0
407.83466455 407.054563046 0
401.296473538 387.939269175 0
404.491159562 424.773111167 0
46.0440633794 296.45230839 0
57.6050544662 309.621655553 0
81.3097831181 327.290095172 0
409.612733956 408.439178839 0
402.489507264 386.009724054 0
405.904633604 426.531051537 0
48.2418189838 295.907175288 0
59.7541495624 308.905187019 0
61.9260103678 308.261064649 0
82.4024517288 325.314003634 0
64.1357414055 307.770164853 0
411.456259785 409.73688803 0
403.802798982 384.160604952 0
407.140720919 428.419824712 0
50.3982741185 295.206321125 0
82.8087943483 323.09933491 0
66.3528111237 307.333669279 0
413.36504053 410.940943291 0
405.193201612 382.369792385 0
415.272904562 412.1497528 0
408.32540887 430.341903556 0
52.5245414206 294.416061906 0
82.8114814673 320.855523485 0
68.598942297 307.084617084 0
406.664836025 380.646628661 0
417.242206496 413.258628495 0
409.486234356 432.280632241 0
54.6205894827 293.549121632 0
82.5703504424 318.624242267 0
70.8581462885 307.090147458 0
73.0881891354 307.408873452 0
408.137295242 378.924850501 0
419.212699091 414.37122668 0
410.535093323 434.284781369 0
56.6332493463 292.502268172 0
82.163864183 316.411753917 0
81.4079816072 314.288842667 0
80.3991750583 312.274478027 0
78.9873555955 310.51835309 0
75.2447067743 308.060219139 0
77.2698295526 309.055651118 0
409.662994245 377.249512875 0
421.240187691 415.385761106 0
411.690508278 436.227582693 0
58.5931928324 291.359362432 0
411.214630807 375.597438277 0
423.270629917 416.399101831 0
412.84881724 438.166454384 0
60.4829591902 290.103930674 0
412.689542358 373.875565063 0
425.29898608 417.412336483 0
414.061838065 440.07059274 0
62.2884010089 288.732628633 0
414.282639967 372.261636466 0
427.285799784 418.495970591 0
415.51574233 441.796004231 0
415.764378781 370.546650735 0
63.9716971884 287.216428313 0
429.240128519 419.632058953 0
416.980729154 443.510891961 0
417.237543216 368.825813167 0
65.4538404897 285.502738676 0
431.209633594 420.739499353 0
418.695767194 444.974921623 0
418.718405942 367.109993803 0
66.8579665396 283.721964413 0
433.060561882 422.031789313 0
420.519225568 446.301784601 0
420.314826132 365.497511702 0
14.5244214995 197.200557788 0
14.4372529347 199.463359765 0
68.1162961534 281.833417051 0
434.781766361 423.489739585 0
436.491818314 424.959972033 0
422.452450393 447.468129324 0
421.921909532 363.894840562 0
14.9539577309 194.979004699 0
16.705938083 190.807882441 0
15.6920712524 192.836298442 0
14.4364242531 201.72489686 0
14.8522380902 203.938968451 0
15.6588176923 206.041946408 0
16.899218835 207.924176474 0
69.2875948969 279.890388702 0
437.957258866 426.673746658 0
439.154047621 428.586548619 0
424.521981726 448.369729666 0
423.679482182 362.460723664 0
17.986993613 188.940240227 0
19.473295633 187.231956755 0
21.2592243179 185.837201265 0
18.6157115417 209.387194291 0
70.202561821 277.815882712 0
440.08964425 430.639597419 0
426.694368124 448.958567775 0
425.52760769 361.145392035 0
23.251097174 184.757264568 0
20.5722585454 210.514374627 0
22.6910051354 211.291264007 0
71.0198432947 275.701704599 0
431.169625254 449.012106545 0
440.586288904 432.833978879 0
428.924837884 449.247103832 0
438.19199989 443.647455226 0
439.212204995 441.628511558 0
440.812775924 435.070535109 0
433.298791807 448.24130814 0
427.48623203 360.000773446 0
25.4408410365 184.187679317 0
24.8826464608 211.80740061 0
71.5864969822 273.508622816 0
436.845401001 445.465984642 0
439.994808891 439.50307958 0
440.558897708 437.311432147 0
435.232746965 447.058733201 0
429.471399892 358.90456146 0
27.6829513614 183.938080555 0
27.1156306475 212.06261903 0
71.7630430591 271.251655801 0
431.540152838 357.976389933 0
29.9152093252 184.232274691 0
29.3541727244 212.313086257 0
72.5460747424 269.127623931 0
433.636848494 357.11285754 0
32.0686095031 184.897827094 0
31.6187558439 212.312745155 0
72.9367012875 266.901374969 0
435.827166433 356.5340692 0
34.1727447458 185.717618083 0
33.8893400588 212.312748054 0
73.1874537094 264.655100195 0
73.1834499006 262.394478863 0
438.038029027 356.061553861 0
36.1382691127 186.832223312 0
36.1559726641 212.302046627 0
72.9370394901 260.152912159 0
440.281037631 355.811967322 0
38.0495740152 188.033436463 0
38.4021603884 212.062864325 0
72.8337335918 257.901776889 0
442.520787545 355.569524579 0
39.8971233333 189.327569949 0
40.6486715547 211.828157475 0
72.6873856738 255.654932585 0
444.755958655 355.813487292 0
41.8034866667 190.535297162 0
42.911062121 211.801924429 0
72.4369213733 253.4155221 0
446.996865209 355.983338028 0
43.716693752 191.739340835 0
45.1571070362 211.562835428 0
72.437254895 251.151032218 0
449.218985501 356.323599526 0
45.7438319687 192.752942969 0
47.4035241001 211.327330749 0
72.4372548519 248.880395195 0
451.407285518 356.845380023 0
47.77124466 193.76674841 0
49.6699859191 211.312747569 0
72.4376041778 246.61285756 0
72.7302202986 244.367576379 0
453.561213597 357.51059712 0
49.8827940355 194.573981172 0
51.9343120961 211.312017261 0
73.435217211 242.216939376 0
74.0731822368 240.050339159 0
442.482521686 330.22868003 0
455.706025514 358.220505383 0
52.0494343666 195.200705075 0
54.1724178075 211.562250563 0
74.3878893388 237.81625755 0
451.858976684 339.797773638 0
450.244590086 338.213310189 0
448.442817863 336.854072365 0
446.666059891 335.46528447 0
444.987912822 333.956701331 0
443.525686859 332.235297124 0
453.966406022 340.623212594 0
441.675951307 328.119713772 0
455.991710897 341.636150874 0
441.200397718 325.918256234 0
457.778892894 359.12424465 0
54.2307794878 195.755514325 0
56.404282834 211.812406756 0
74.6992159768 235.578307972 0
58.6205171594 212.175693187 0
458.065515423 342.542761606 0
441.06279694 323.670089792 0
441.259387118 321.42341057 0
460.148650532 343.417921409 0
459.846087598 360.04040079 0
56.4351213732 196.189385733 0
75.1715586706 233.366601935 0
60.8303942198 212.585900425 0
441.563199533 319.185358352 0
462.314142709 344.04487551 0
461.818450866 361.145254813 0
58.6623782748 196.481425377 0
75.5447476491 231.138254076 0
75.8662079574 228.902640044 0
63.0163165953 213.131970813 0
442.054258709 316.976708323 0
464.488759311 344.620424584 0
463.783681079 362.260859995 0
60.8952137127 196.727140433 0
75.9374439046 226.645893446 0
65.1592603922 213.845901715 0
67.2831936897 214.626433091 0
69.3072479817 215.638793027 0
71.1623279796 216.925462034 0
72.8679117433 218.398253974 0
442.644069124 314.788252557 0
466.711156945 344.947679601 0
465.701111662 363.453914004 0
63.1324794163 196.937644116 0
75.6948403219 224.408848172 0
74.2268041772 220.191850925 0
75.1841087319 222.223372825 0
443.361565374 312.635327915 0
468.923174029 345.344470938 0
467.601807302 364.671385767 0
65.38027365 197.072460276 0
444.081253935 310.482210006 0
471.169660919 345.486570045 0
469.437231079 365.982789569 0
55.2811876127 154.406034755 0
54.4231910147 156.504293888 0
53.781576246 158.676278616 0
67.6367282096 197.187422059 0
444.801579519 308.329319771 0
473.409443306 345.686849848 0
471.266467991 367.301501734 0
56.3347140801 152.397748415 0
53.4337235936 160.909367842 0
54.0522543039 169.828055251 0
69.900262288 197.187511675 0
445.511451898 306.174031082 0
472.983011823 368.762816916 0
475.646425813 345.937346834 0
57.7473322918 150.628471684 0
59.3780064882 149.066385195 0
61.2827820102 147.849263547 0
63.4574958336 147.213207677 0
55.043599447 171.847706116 0
56.3798315297 173.660260003 0
58.0718073204 175.152229886 0
53.1873706282 163.155993203 0
53.1872959019 165.417243264 0
53.4796894409 167.652603238 0
72.1496096288 196.937718794 0
446.099082997 303.98399077 0
474.775560486 370.128049387 0
477.902413396 345.981699789 0
65.7200744469 147.187508596 0
60.0385168181 176.263369349 0
62.1391229275 177.090279662 0
74.4134898848 196.932896374 0
446.723263733 301.804505628 0
476.521562594 371.554628207 0
480.143761558 346.187748907 0
67.9596534293 147.446177801 0
64.3189252713 177.652818492 0
76.65374301 196.61671639 0
447.278529647 299.606404134 0
478.393791171 372.81150198 0
482.375599458 346.436687694 0
70.080844261 148.208940407 0
66.5269543735 178.062036928 0
78.845756679 196.060657647 0
447.804760409 297.402169122 0
480.397612557 373.843408528 0
484.607246522 346.686835267 0
448.30935903 295.193461416 0
72.0621753699 149.290640842 0
68.7579449704 178.312275889 0
70.9962022596 178.560927392 0
80.9977838985 195.360615525 0
482.508996974 374.627406453 0
486.823766318 347.048771446 0
448.846500078 292.991478752 0
73.970529456 150.496202767 0
73.2544557948 178.564056392 0
83.0234902075 194.350823257 0
484.703459396 375.063326009 0
489.023544078 347.524198236 0
449.397956439 290.79229469 0
75.7148481907 151.932926836 0
75.4928362144 178.812311566 0
84.8791019655 193.055783393 0
486.931936515 375.115154229 0
491.169666696 348.231935966 0
449.963146986 288.596529536 0
63.310641009 100.841329937 0
66.3883331983 94.831889556 0
67.9067151435 93.1517572704 0
69.5885844503 91.6329969143 0
73.4586558246 89.27381334 0
71.4765983583 90.3759342677 0
77.3189789753 153.519472603 0
77.7243638715 179.061648735 0
86.3057847457 191.299415688 0
489.15256221 374.767715714 0
491.240547122 373.895309032 0
493.199859605 349.230681083 0
450.752543458 286.47093715 0
65.060339863 96.6693038376 0
64.030899499 98.6917513036 0
62.9394690981 103.07144207 0
63.0505667616 105.322984767 0
63.6264852694 107.500796742 0
75.5816860023 88.4772574642 0
78.9000315884 155.119258679 0
79.9366144824 179.456375708 0
87.107882584 189.182396776 0
493.141591955 372.663536517 0
496.580341342 352.184262046 0
495.052108989 350.521932218 0
494.747901027 371.064364023 0
497.689899707 354.150185902 0
451.689292611 284.405778957 0
64.5409981251 109.564047727 0
77.7709361659 87.9006823304 0
80.02208893 87.6870792084 0
87.1874765945 186.923712905 0
86.6862177992 184.731489135 0
80.4749486469 156.73198235 0
85.6890118041 182.724117544 0
82.1011176996 180.081036148 0
84.080643469 181.157169544 0
498.599245661 362.993971761 0
498.813176924 360.743803537 0
498.812347708 358.483532723 0
497.242006647 367.297254316 0
498.092146928 365.197629176 0
496.140042682 369.276810258 0
498.489485252 356.254177356 0
452.913402136 282.496421443 0
65.7482286785 111.476076699 0
67.3207916237 113.102504212 0
82.2811076702 87.6874245973 0
81.8674757532 158.506894844 0
454.336539383 280.731701402 0
69.0392487375 114.56924485 0
84.4920055925 88.1219835928 0
83.2906192783 160.259588479 0
456.049517057 279.249976591 0
70.9171433261 115.821879489 0
86.5487458189 89.045294623 0
84.8922414031 161.861216946 0
457.899142313 277.94210885 0
72.8260272293 117.029066573 0
88.2776211531 90.4959361784 0
86.5430031808 163.408872713 0
459.927234984 276.927127108 0
74.799401041 118.134830176 0
89.7494161929 92.2059096596 0
88.3891491316 164.703160511 0
462.053845781 276.138787623 0
76.8272632547 119.148610246 0
91.0269331834 94.0706983295 0
90.395735247 165.725872331 0
464.241412357 275.551283045 0
78.8564185758 120.164782378 0
92.0416833124 96.0976052192 0
92.5425820064 166.428413074 0
466.457760576 275.107349798 0
80.8855768404 121.18094477 0
93.0544124043 98.1263360231 0
94.8065044555 166.425671729 0
468.703900736 274.858909067 0
82.9147002233 122.197178339 0
93.9614946729 100.199464695 0
96.9648681196 165.751976699 0
454.076328255 258.546721828 0
470.969064775 274.812720296 0
452.483603741 256.936416878 0
84.9439019631 123.213261281 0
94.7731763846 102.30890346 0
98.898138161 164.58267505 0
460.3568252 260.931359211 0
458.156723505 260.43883966 0
456.043105526 259.659722782 0
464.861982401 260.937308089 0
462.611913618 260.938078676 0
467.116368123 260.874912977 0
473.233558796 274.812613015 0
451.363911885 254.972677668 0
86.9711557307 124.228354566 0
95.68192061 104.381269007 0
100.557696358 163.046042599 0
469.342520153 260.484587483 0
475.48490501 274.978170274 0
450.813216501 252.782136669 0
88.9438593706 125.335469317 0
96.6928344003 106.408592142 0
101.873588168 161.201489506 0
471.576502114 260.136148034 0
477.737630163 275.064154172 0
450.81320382 250.518810353 0
90.8536580966 126.541403675 0
97.8066148186 108.377888968 0
102.990064875 159.227619409 0
473.787005206 259.644307467 0
479.97400244 275.31357471 0
451.150839784 248.280753248 0
92.7407478668 127.779872256 0
99.0480762331 110.263888179 0
103.81176965 157.115087287 0
475.965949335 259.018869074 0
482.199347336 275.610941894 0
451.829226696 246.12074266 0
94.568045537 129.102280475 0
100.367300208 112.084456475 0
104.515638052 154.963713083 0
104.940371379 152.744480762 0
105.187812081 150.49769694 0
478.142345636 258.378940152 0
484.402709636 276.032883772 0
452.745050791 244.048318908 0
105.187251732 148.237210787 0
104.952156418 145.998196556 0
96.2869448838 130.568018671 0
97.8899875189 132.170703004 0
99.4868618008 133.778727376 0
101.950777745 113.675368904 0
480.294967349 257.659968055 0
486.628937021 276.317161122 0
453.960878487 242.153590759 0
104.533575612 143.789868433 0
103.911908396 141.622991597 0
103.029240555 139.540690629 0
102.015106231 137.516973559 0
100.821412564 135.600133517 0
103.551314416 115.270384211 0
482.431370766 256.895207817 0
488.828931521 276.76481348 0
456.172944603 241.81078242 0
105.15700693 116.875783026 0
484.516546034 256.002575944 0
491.054998833 277.062731239 0
458.428274585 241.81274097 0
106.763186972 118.473959673 0
486.586061341 255.075209553 0
493.287483927 277.31305933 0
460.692071702 241.813057903 0
108.577376742 119.816347476 0
488.677243566 254.197613646 0
495.525822684 277.563220379 0
462.931952354 242.037945205 0
110.427003968 121.104168041 0
490.802038401 253.407101071 0
497.789989678 277.562740263 0
465.164899936 242.284381805 0
112.348416077 122.291788572 0
449.709826107 226.354001821 0
451.962870023 226.438012141 0
492.943618194 252.666637682 0
500.056071683 277.534311062 0
467.393179978 242.596463015 0
448.345684339 224.564838842 0
114.36512817 123.319459873 0
454.206474378 226.192077006 0
456.450050489 225.93814832 0
495.12288061 252.048870241 0
502.297010813 277.226394268 0
458.642806767 225.377184222 0
469.548301008 243.253199346 0
447.184758299 222.63519408 0
116.454835587 124.181042702 0
497.34524092 251.631700961 0
504.489108841 276.660692723 0
460.67780372 224.38027874 0
471.728415653 243.823854653 0
446.560803004 220.471301402 0
118.640595113 124.72561396 0
499.597242514 251.437140217 0
506.600286896 275.840179594 0
462.457201604 222.979755533 0
473.89489176 244.435092895 0
446.312149561 218.237695305 0
120.88378102 124.938016458 0
501.857660642 251.437011207 0
508.521933378 274.645277254 0
464.173755385 221.501184381 0
476.109115484 244.814497949 0
446.065422408 216.003082266 0
123.144342588 124.936891932 0
504.079934018 251.800732821 0
510.171149694 273.09420933 0
465.785677818 219.905345011 0
478.34400445 245.056172837 0
446.313572136 213.762853758 0
121.855217349 82.0166252651 0
133.759838653 72.1808473988 0
123.070839383 80.1032456341 0
124.427454546 78.2848553965 0
126.01924006 76.668561255 0
127.724326651 75.1746779445 0
120.189008216 88.5303201839 0
120.393847808 86.2872927323 0
125.390506147 124.682831749 0
120.736124817 90.7075838873 0
511.196351279 260.163311916 0
512.087365878 269.035729735 0
510.289127498 258.093245324 0
509.15570783 256.138161094 0
507.694427305 254.412967708 0
506.086740281 252.823006663 0
511.40815363 271.19477078 0
512.31292271 266.786400811 0
511.834093769 262.325050582 0
467.587242407 218.527975912 0
480.561552066 244.64251405 0
446.652380536 211.527722808 0
120.971052843 84.1016310788 0
131.59056186 72.82339334 0
129.579845175 73.8710563785 0
136.001081458 71.9372580314 0
127.626795095 124.375172806 0
121.742838573 92.7169413117 0
123.175685441 94.455921472 0
512.312819976 264.526941024 0
469.460852028 217.252236857 0
482.702864358 243.914798375 0
447.366945386 209.376282852 0
138.238003561 72.1767876524 0
129.846996449 123.985232231 0
124.875544276 95.9372457903 0
471.43833949 216.142737935 0
473.577821047 215.399886401 0
484.67103889 242.793330199 0
475.794402873 214.99536048 0
448.361500443 207.336668106 0
140.392002165 72.8345172464 0
132.081693525 123.692180722 0
126.65811043 97.3164394937 0
486.320188278 241.238191533 0
478.030441125 215.189649544 0
487.643384969 239.399067462 0
449.671329751 205.484704644 0
142.307739565 74.0245083395 0
134.005518358 122.500564881 0
128.533337573 98.5676261728 0
483.800501248 218.519219848 0
482.096323031 217.042061194 0
480.179078318 215.854994782 0
485.269302897 220.229197859 0
488.551981652 237.325470722 0
451.097443923 203.720598279 0
144.021643837 75.4907785436 0
135.93098587 121.302706906 0
130.455795595 99.749652254 0
486.539582029 222.094865682 0
488.365156387 226.224545069 0
487.550564222 224.118501397 0
489.07972453 235.127073842 0
488.942004684 228.398315587 0
452.70115887 202.116137269 0
145.485477301 77.2061936516 0
137.814576396 120.04347898 0
132.375212359 100.938502561 0
489.313525416 232.878687215 0
489.312083833 230.61891991 0
454.424525573 200.642885831 0
146.811588807 79.0319426309 0
139.536203861 118.571513181 0
134.290132078 102.134457173 0
456.223357249 199.262863201 0
147.875149677 81.0289035233 0
140.850693928 116.725802415 0
136.148035185 103.415705456 0
458.143395361 198.055528708 0
148.887051279 83.0555556601 0
141.680714719 114.618748427 0
142.163958456 112.412767686 0
137.969208275 104.751820698 0
139.569647756 106.34963178 0
441.848916434 183.711745127 0
446.280397138 184.43818455 0
444.046448111 184.186241613 0
439.746894858 182.888199877 0
448.520686217 184.188136057 0
460.125192515 196.953008903 0
149.696717052 85.167226384 0
140.94934763 108.131974775 0
141.850946468 110.18710714 0
437.724302801 181.873064026 0
435.881941477 180.566244365 0
434.174510804 179.094417649 0
450.753331957 183.837444632 0
462.202171167 196.042314402 0
150.498936475 87.279327639 0
430.007833423 173.787928215 0
432.684892953 177.403923893 0
431.230949327 175.681922737 0
428.804418184 171.878443447 0
452.946910653 183.272767749 0
464.344127881 195.296437342 0
151.287583136 89.3964042127 0
427.693566369 169.907880203 0
455.0722555 182.482869119 0
466.53769928 194.729752721 0
152.123580566 91.4974025988 0
175.859458436 33.4690012743 0
173.770007631 34.34941849 0
171.799653033 35.4717319646 0
426.678716359 167.880532366 0
425.662401962 165.851530628 0
424.648313967 163.824908299 0
457.168510428 181.617770453 0
468.759333108 194.312333845 0
153.125350745 93.5304280722 0
166.8444337 40.0385796245 0
165.946430912 42.1115293161 0
184.722267231 32.9354509921 0
178.032302093 32.8291717289 0
182.523175501 32.4400638324 0
180.262008558 32.4394253727 0
169.936431066 36.7636007618 0
168.217547655 38.239728005 0
423.457701807 161.903694285 0
422.272164651 159.982268216 0
459.210106752 180.628851903 0
471.002346815 194.062179967 0
154.139896999 95.558019958 0
165.687233653 44.3508611744 0
186.726782054 33.9485999081 0
421.036632608 158.092372946 0
419.761633953 156.230292358 0
461.186865828 179.516047522 0
473.248147835 193.813075197 0
155.257634494 97.52494385 0
165.964236021 46.5845084449 0
188.314098168 35.5293716987 0
418.437942693 154.405027805 0
463.157415796 178.392577765 0
475.515030588 193.812744155 0
156.470979125 99.415539396 0
189.564031682 37.3978328675 0
166.522060303 48.7670951773 0
167.323060609 50.878214868 0
417.109920552 152.584711177 0
465.086128896 177.198102974 0
477.785593911 193.812744403 0
158.690842268 99.6889072979 0
190.469803621 39.465176011 0
168.231138761 52.9486229334 0
415.755400068 150.783658081 0
414.366615783 149.007966741 0
413.005121953 147.211577599 0
467.011088202 175.996616606 0
480.049945537 193.812659259 0
160.942352729 99.6869518491 0
191.06395517 41.6393125217 0
169.147101839 55.0157997346 0
411.691069668 145.378589436 0
410.472701423 143.477764783 0
468.902313686 174.741237441 0
482.294162439 194.063302552 0
163.199451875 99.5229303287 0
191.555006879 43.8336759258 0
170.249855695 56.9892736271 0
171.366394267 58.9549094385 0
409.184493356 141.620031207 0
470.791982773 173.483550023 0
484.558517361 194.062739104 0
165.346085627 98.797870614 0
191.813659965 46.0653417899 0
172.471255886 60.9261631601 0
408.138483512 139.615962564 0
472.714744324 172.277837495 0
486.825234497 194.056815549 0
407.154060809 137.585252878 0
167.335370571 97.7076198585 0
192.063407482 48.2974768479 0
169.358034185 96.6800106501 0
173.676627574 62.8358827628 0
474.605618061 171.022654771 0
489.071311943 193.812151089 0
406.308651513 135.495403414 0
192.312585586 50.5338556814 0
171.334859983 95.5665443402 0
174.883703657 64.7447113104 0
476.531252677 169.82224539 0
491.314994924 193.556623417 0
405.803161483 133.303284296 0
192.389835017 52.7874187078 0
173.350408187 94.5251317886 0
175.991550493 66.7135849692 0
478.463834362 168.634126655 0
493.519690929 193.045812173 0
405.339471666 131.100627512 0
192.563179155 55.0318371609 0
175.337773799 93.4314143388 0
177.196179184 68.6238335477 0
480.438232154 167.516231794 0
495.650876754 192.276847678 0
405.312983841 128.841252265 0
192.743502561 57.2757895507 0
177.269099882 92.2416015337 0
178.402006035 70.5333722871 0
482.467681523 166.50101433 0
497.655306305 191.220069059 0
405.562932783 126.595123975 0
192.81280879 59.5298144259 0
179.117453745 90.9275223822 0
179.508957682 72.5059810826 0
484.54680314 165.592779765 0
499.459503567 189.849047878 0
406.02330103 124.382241889 0
193.063154764 61.7658658285 0
180.787103491 89.4001393663 0
180.524428777 74.5304871526 0
182.083968055 87.5533186845 0
486.693335197 164.861767781 0
488.901347571 164.36620194 0
500.939237773 188.133447836 0
491.155302978 164.187297027 0
406.671287777 122.211477358 0
193.297564765 63.9990837771 0
182.857382894 85.4319619935 0
182.937134801 83.1750125847 0
181.409322584 76.6131563601 0
182.128790417 78.7540016166 0
182.683791086 80.9372103717 0
502.151724417 186.219399586 0
502.959866151 184.102269601 0
493.417712575 164.19421565 0
503.550991207 181.917210202 0
407.478764103 120.09154675 0
193.560611804 66.2302539916 0
497.601714471 165.811801175 0
495.589355589 164.805348096 0
503.811015474 179.67325472 0
499.309977632 167.278789245 0
408.486801746 118.058375769 0
193.863120771 68.4583849395 0
503.701574043 177.422750464 0
502.749481285 173.030317893 0
500.778359357 168.99032191 0
503.321202737 175.20713743 0
501.950186286 170.919919241 0
409.610831062 116.087404368 0
194.431995356 70.6358207178 0
386.821344827 112.950281286 0
384.593175255 112.941474539 0
389.046706798 112.644744274 0
382.369752192 112.681990034 0
410.804999641 114.158464042 0
195.124620347 72.7806001959 0
393.20623323 110.863513288 0
391.183609705 111.892249239 0
380.219848835 112.001254176 0
378.149983432 111.088808262 0
395.055511515 109.549939994 0
376.125278133 110.07486509 0
412.118791346 112.308735964 0
196.040944032 74.8441899162 0
398.403577041 106.49717673 0
396.77503455 108.073067248 0
374.213274394 108.871258722 0
372.357142866 107.591337027 0
399.87997433 104.777214666 0
413.437298762 110.462762947 0
197.277257764 76.7381749975 0
370.524543066 106.279245037 0
401.21373828 102.942747588 0
414.866420568 108.700954156 0
198.872750109 78.3421111692 0
368.714740702 104.936659393 0
402.528040409 101.093428571 0
416.468180725 107.094435756 0
200.735810866 79.6172964096 0
364.994838954 102.38449623 0
366.887192356 103.616173285 0
363.027722002 101.271508364 0
403.66798531 99.1321940513 0
418.141534163 105.564381135 0
202.846607053 80.4065777435 0
361.05445337 100.163925995 0
404.781873019 97.1556928993 0
419.911736479 104.148313044 0
359.028978244 99.1514966761 0
205.056543818 80.7896086406 0
405.796573378 95.1252488143 0
421.75286914 102.824012389 0
357.158737933 97.8836979902 0
207.291521425 80.6863847344 0
406.800873735 93.0899281148 0
423.641532789 101.566247804 0
355.349654285 96.5416470571 0
209.521461421 80.3971869494 0
407.721868117 91.0172837001 0
425.570161863 100.370815188 0
353.991404608 94.7450493506 0
211.767022676 80.1779992905 0
408.612603592 88.9323513493 0
427.54135689 99.2484004101 0
353.10398797 92.6728669715 0
214.006099346 79.90030473 0
409.477124509 86.8365496964 0
429.516113673 98.1328638533 0
352.812338686 90.4387368539 0
216.230509991 79.5160079337 0
335.313403451 86.4376911183 0
330.871701796 85.8214543764 0
333.054552325 86.3897491254 0
328.762025412 85.0193359864 0
431.494119085 97.0232401695 0
410.364167307 84.7499603176 0
337.541562773 86.0677466628 0
353.10874062 88.2007424574 0
218.462354454 79.1586161163 0
326.691808211 84.1108790229 0
324.722135517 83.0021376451 0
322.624804836 82.1626125671 0
433.467134457 95.9038145297 0
411.273399954 82.6718994966 0
339.495027819 84.9340385312 0
353.859926918 86.0631520918 0
220.672814956 78.6696766849 0
311.854082173 78.9032653788 0
320.506059552 81.3788334687 0
435.363021892 94.6584969183 0
412.288403091 80.6416913791 0
341.003760893 83.2497645254 0
354.888464686 84.0400336819 0
222.854888033 78.0574624407 0
314.041303531 79.4272806706 0
307.463904866 77.948636695 0
305.258797236 77.5188847954 0
303.044153665 77.1379044644 0
316.2305581 79.9482656491 0
309.656614929 78.4339468696 0
318.393537435 80.5814315884 0
300.844540837 76.6811215053 0
437.105056736 93.2102781567 0
413.303061082 78.6113785315 0
342.011478977 81.2272209835 0
356.144866075 82.1502806114 0
225.029353623 77.4150310608 0
298.65335538 76.1832653209 0
438.69970815 91.6053592927 0
414.477539153 76.6719637691 0
342.439888712 79.0112398969 0
357.481844525 80.3183505533 0
227.153977158 76.6223086443 0
296.461032078 75.6887230816 0
439.916603496 89.696830249 0
294.228692689 75.4374306592 0
415.832919371 74.8553176878 0
342.687155958 76.7664493389 0
358.843612034 78.5050536424 0
229.243295378 75.738811352 0
440.714662815 87.5785862664 0
291.997011984 75.1856895238 0
441.055559757 85.3472647904 0
417.442176489 73.2585044929 0
360.296392236 76.7641449111 0
342.625423998 74.5091487727 0
231.272473714 74.7230225281 0
289.802359663 74.7078456104 0
287.590547298 74.3075468508 0
285.413438344 73.7299560849 0
440.774167244 83.1138730014 0
426.044013231 71.1868932325 0
423.783363802 71.1875099694 0
419.365119371 72.0622666121 0
440.09584861 80.9683345026 0
283.269003601 73.0213787999 0
361.733245734 75.0102169388 0
342.436160228 72.2663797503 0
233.240453072 73.593458717 0
428.283676059 71.4386302449 0
421.535724986 71.4305602486 0
439.08900704 78.9550721147 0
430.465204068 72.0010947847 0
281.1197289 72.3191187236 0
363.107032892 73.2059375948 0
342.188301162 70.034305786 0
235.113245632 72.3130714716 0
437.793988994 77.1090003403 0
434.445049629 74.1063244132 0
432.534271172 72.9054200731 0
436.24549611 75.4654782479 0
279.033466122 71.4463710337 0
364.475138863 71.3964665291 0
341.937593778 67.8024442133 0
236.894894843 70.910267476 0
276.979729539 70.4961460466 0
274.976727756 69.4436262373 0
365.738448564 69.5112857749 0
341.687393939 65.5642647226 0
238.562283418 69.3754557845 0
273.035226535 68.287230755 0
271.134914763 67.0687519661 0
366.937333919 67.5845394351 0
341.687254697 63.2998429651 0
240.039363596 67.6572877192 0
269.351934243 65.6846985616 0
367.967085895 65.5623494802 0
341.687101842 61.0322751872 0
241.418641669 65.8589664929 0
267.686831266 64.159977953 0
368.686897385 63.4137134083 0
341.998990008 58.7901106877 0
242.324754662 63.7812164622 0
265.973289752 62.6917649648 0
369.006205227 61.1819145725 0
342.637786986 56.6169769592 0
264.508780573 60.9766487695 0
242.93377788 61.5998692313 0
368.717190453 58.9555660056 0
367.91474107 56.8547287118 0
343.583963925 54.5573681949 0
263.046224283 59.2587866161 0
243.37268271 59.380006193 0
366.807904125 54.8867385604 0
344.944292507 52.746101014 0
346.637267343 51.242261168 0
365.265626551 53.2343527838 0
261.863092901 57.3360723233 0
243.437287753 57.1153226416 0
352.889990755 48.9166642721 0
348.539077712 50.0119454266 0
350.659530074 49.2191036662 0
363.533250883 51.785164553 0
355.124274232 48.8205340128 0
357.339883164 49.1496353305 0
361.566806354 50.6697346116 0
260.826458595 55.3298075818 0
243.437511058 54.8523733159 0
359.526057576 49.6955180477 0
260.051482758 53.2115601555 0
243.220393955 52.6109589526 0
259.549326612 51.0192021613 0
242.933410819 50.3824992291 0
259.084501011 48.8167292927 0
242.442885941 48.1879035536 0
259.06208601 46.5630205646 0
241.876788853 46.0066263361 0
258.888007489 44.3224506413 0
241.160956027 43.864239015 0
259.06293576 42.0799852218 0
240.385941905 41.7411438633 0
259.278973238 39.8354299169 0
239.579453479 39.6308278917 0
259.527290843 37.593067342 0
238.767675507 37.5229889907 0
259.812152605 35.3536359861 0
237.924145489 35.4269991071 0
237.057938351 33.3398911026 0
260.082625587 33.1117286093 0
236.24605456 31.2313651512 0
260.517578219 30.8953232651 0
235.465292035 29.1106376495 0
260.811404888 28.6564130311 0
234.751824939 26.9677980324 0
261.062706454 26.4138429541 0
234.206797684 24.7815340422 0
261.312969462 24.1682257379 0
233.937118378 22.5435052195 0
261.312574048 21.9077460442 0
260.956700345 19.6840684003 0
233.954264915 20.2804025248 0
260.154033565 17.5864812708 0
234.568798086 18.0997400338 0
258.813866009 15.7824215055 0
235.797750118 16.1998832773 0
257.113247162 14.3038069208 0
248.465030136 12.4372548908 0
237.571888527 14.7955807675 0
250.733603807 12.4371900541 0
255.142090544 13.2042911065 0
241.724816097 13.0166565276 0
246.194957006 12.4372645678 0
243.926267696 12.469457409 0
239.572663539 13.7327432656 0
252.994384083 12.5117017615 0