252 242 251 0
222 193 208 0
275 277 305 0
239 275 241 0
240 243 275 0
239 240 275 0
239 209 240 0
188 215 187 0
188 216 215 0
164 188 162 0
164 184 188 0
245 279 247 0
212 245 216 0
214 186 213 0
245 214 246 0
212 186 214 0
213 246 214 0
247 215 216 0
307 280 279 0
248 243 247 0
280 248 247 0
277 243 248 0
242 241 276 0
210 187 215 0
240 209 211 0
163 139 138 0
158 161 182 0
158 137 161 0
144 158 167 0
162 138 140 0
210 182 187 0
243 210 215 0
243 240 211 0
163 138 162 0
181 193 167 0
158 181 167 0
209 239 208 0
211 209 183 0
210 211 182 0
210 243 211 0
239 219 208 0
139 161 137 0
284 251 283 0
255 253 286 0
221 222 255 0
220 221 254 0
192 191 221 0
208 181 209 0
222 208 219 0
193 181 208 0
220 192 221 0
183 158 182 0
211 183 182 0
181 158 183 0
275 243 277 0
252 219 241 0
209 181 183 0
166 167 191 0
137 158 144 0
252 251 284 0
253 252 284 0
241 242 252 0
312 283 311 0
312 284 283 0
335 312 311 0
336 314 312 0
219 239 241 0
253 219 252 0
253 222 219 0
144 167 166 0
191 193 221 0
190 191 192 0
167 193 191 0
284 312 286 0
220 224 194 0
224 254 256 0
190 220 194 0
221 193 222 0
190 192 220 0
190 166 191 0
312 335 336 0
357 337 336 0
356 357 336 0
356 379 357 0
224 256 257 0
194 224 195 0
220 254 224 0
338 357 358 0
315 338 316 0
310 290 316 0
334 310 316 0
338 334 316 0
383 384 401 0
382 383 401 0
363 377 383 0
258 250 225 0
310 282 290 0
296 266 282 0
313 288 314 0
315 313 337 0
285 288 313 0
310 296 282 0
256 254 287 0
257 256 285 0
257 223 224 0
337 338 315 0
289 313 315 0
314 336 337 0
287 255 286 0
256 287 288 0
254 255 287 0
358 357 379 0
286 312 314 0
288 287 314 0
253 284 286 0
335 356 336 0
290 289 315 0
316 290 315 0
282 250 258 0
195 224 223 0
313 314 337 0
256 288 285 0
255 222 253 0
314 287 286 0
254 221 255 0
397 378 379 0
257 226 223 0
289 259 257 0
313 289 285 0
290 259 289 0
378 397 396 0
338 358 355 0
435 418 417 0
436 435 419 0
452 453 435 0
416 398 418 0
343 364 342 0
377 396 384 0
397 417 418 0
261 262 228 0
227 261 228 0
233 266 265 0
227 233 261 0
295 296 321 0
250 266 233 0
250 282 266 0
265 266 295 0
225 250 218 0
259 226 257 0
282 258 290 0
225 226 258 0
310 334 322 0
259 258 226 0
285 289 257 0
290 258 259 0
358 379 378 0
355 358 378 0
396 377 378 0
334 338 355 0
338 337 357 0
91 73 74 0
127 109 110 0
91 74 92 0
72 71 54 0
89 90 109 0
107 109 124 0
113 107 124 0
90 71 72 0
95 89 107 0
113 95 107 0
97 79 95 0
78 71 89 0
73 91 72 0
55 73 72 0
56 74 73 0
110 125 127 0
92 110 91 0
92 108 110 0
125 149 127 0
123 125 108 0
123 145 126 0
114 131 129 0
43 28 41 0
43 40 28 0
42 59 41 0
57 40 43 0
60 57 43 0
60 77 75 0
41 59 43 0
62 58 61 0
79 62 78 0
76 77 60 0
79 76 62 0
79 94 76 0
43 59 60 0
42 44 58 0
57 60 75 0
58 44 61 0
78 62 61 0
59 42 58 0
77 94 93 0
75 77 93 0
44 53 61 0
59 76 60 0
54 71 53 0
131 130 153 0
150 131 153 0
114 113 131 0
96 114 112 0
94 96 112 0
79 78 95 0
95 78 89 0
58 62 76 0
76 94 77 0
97 113 114 0
79 97 96 0
95 113 97 0
96 94 79 0
129 112 114 0
151 129 150 0
128 112 129 0
128 111 112 0
111 93 94 0
73 55 56 0
109 107 89 0
91 109 90 0
127 124 109 0
90 89 71 0
91 90 72 0
91 110 109 0
61 53 71 0
54 55 72 0
108 125 110 0
149 148 127 0
126 149 125 0
123 126 125 0
147 146 126 0
147 169 170 0
145 147 126 0
171 200 173 0
148 171 152 0
148 149 171 0
146 170 149 0
126 146 149 0
147 170 146 0
172 200 170 0
148 124 127 0
170 171 149 0
152 153 130 0
129 151 128 0
111 94 112 0
154 175 174 0
150 154 174 0
150 153 154 0
78 61 71 0
97 114 96 0
130 113 124 0
130 131 113 0
58 76 59 0
232 199 231 0
145 168 147 0
151 150 174 0
169 168 196 0
170 169 172 0
147 168 169 0
227 198 196 0
199 172 169 0
231 199 198 0
264 231 262 0
264 232 231 0
269 299 298 0
298 299 324 0
262 293 264 0
299 325 324 0
291 299 269 0
317 325 299 0
293 318 319 0
339 360 359 0
320 341 339 0
320 319 341 0
294 320 317 0
294 319 320 0
340 321 342 0
319 340 341 0
318 321 340 0
359 380 367 0
317 320 339 0
381 380 360 0
367 386 366 0
346 367 366 0
325 346 345 0
325 317 339 0
380 387 367 0
325 339 346 0
380 399 387 0
235 234 203 0
203 234 202 0
153 176 154 0
227 228 198 0
175 202 174 0
152 173 176 0
203 202 175 0
176 197 203 0
154 176 175 0
153 152 176 0
235 267 234 0
204 235 203 0
268 298 297 0
229 260 235 0
291 294 317 0
260 291 269 0
260 229 263 0
268 260 269 0
263 232 264 0
260 263 291 0
230 201 232 0
229 230 263 0
229 201 230 0
198 199 169 0
196 198 169 0
228 231 198 0
218 233 227 0
262 231 228 0
200 172 199 0
173 152 171 0
232 201 200 0
197 176 173 0
204 197 229 0
235 204 229 0
203 197 204 0
203 175 176 0
200 171 170 0
201 197 173 0
200 201 173 0
232 263 230 0
130 124 148 0
152 130 148 0
131 150 129 0
268 267 235 0
264 294 263 0
323 298 324 0
297 267 268 0
201 229 197 0
199 232 200 0
263 294 291 0
294 293 319 0
269 298 268 0
235 260 268 0
291 317 299 0
344 324 345 0
323 297 298 0
233 218 250 0
293 294 264 0
295 321 318 0
292 295 318 0
266 296 295 0
296 310 322 0
359 367 346 0
339 359 346 0
360 380 359 0
405 386 387 0
425 405 406 0
425 423 405 0
385 365 366 0
344 323 324 0
342 321 322 0
343 342 322 0
361 340 342 0
382 361 364 0
341 340 361 0
382 362 361 0
262 292 293 0
265 261 233 0
292 265 295 0
292 261 265 0
293 292 318 0
262 261 292 0
382 401 400 0
340 319 318 0
362 341 361 0
360 339 341 0
383 377 384 0
343 363 364 0
343 355 363 0
361 342 364 0
296 322 321 0
334 343 322 0
334 355 343 0
364 363 383 0
355 377 363 0
355 378 377 0
400 420 399 0
325 345 324 0
362 381 360 0
341 362 360 0
382 381 362 0
383 382 364 0
400 381 382 0
421 400 401 0
421 420 400 0
387 386 367 0
381 399 380 0
406 405 387 0
402 401 384 0
399 406 387 0
400 399 381 0
420 406 399 0
437 420 421 0
404 406 420 0
424 404 420 0
424 441 425 0
456 440 437 0
405 423 403 0
424 425 404 0
441 439 425 0
345 365 344 0
402 421 401 0
398 416 402 0
396 398 384 0
396 418 398 0
416 434 422 0
457 440 456 0
424 420 437 0
385 386 403 0
366 365 345 0
346 366 345 0
386 385 366 0
386 405 403 0
418 396 397 0
419 435 417 0
398 402 384 0
435 416 418 0
434 438 422 0
453 434 435 0
471 453 452 0
471 455 453 0
422 437 421 0
416 422 402 0
438 437 422 0
404 425 406 0
452 435 436 0
440 424 437 0
459 440 457 0
441 424 440 0
458 441 459 0
439 423 425 0
434 416 435 0
454 436 451 0
450 468 469 0
402 422 421 0
453 455 438 0
456 437 438 0
471 472 455 0
495 476 494 0
457 456 473 0
478 459 476 0
459 441 440 0
476 459 457 0
458 439 441 0
470 471 454 0
474 490 469 0
491 492 472 0
490 491 472 0
508 510 491 0
494 492 509 0
475 476 473 0
492 475 473 0
494 476 475 0
468 474 469 0
468 489 488 0
472 492 473 0
455 472 473 0
456 455 473 0
438 434 453 0
471 490 472 0
454 471 452 0
493 474 488 0
526 508 511 0
490 474 493 0
512 495 494 0
459 477 458 0
495 478 476 0
495 496 478 0
454 452 436 0
469 454 451 0
470 490 471 0
469 470 454 0
469 490 470 0
450 469 451 0
508 493 511 0
492 491 510 0
490 493 508 0
545 526 528 0
513 512 530 0
509 510 527 0
512 494 509 0
477 478 496 0
478 477 459 0
473 476 457 0
438 455 456 0
492 494 475 0
510 509 492 0
491 490 508 0
526 527 510 0
495 512 496 0
507 487 505 0
525 507 523 0
488 489 507 0
512 527 530 0
496 512 513 0
509 527 512 0
493 506 511 0
468 488 474 0
489 487 507 0
530 531 513 0
529 530 527 0
547 548 530 0
532 523 519 0
538 532 519 0
550 542 532 0
524 511 525 0
544 524 525 0
544 543 524 0
510 508 526 0
506 488 507 0
511 506 525 0
493 488 506 0
507 505 523 0
550 566 561 0
542 550 561 0
544 542 561 0
562 544 561 0
528 511 524 0
525 523 542 0
549 538 558 0
564 546 562 0
581 566 585 0
582 581 600 0
601 582 600 0
564 562 582 0
562 561 581 0
601 583 582 0
548 547 565 0
545 527 526 0
565 547 563 0
548 531 530 0
546 545 543 0
549 550 532 0
538 549 532 0
558 577 567 0
565 563 583 0
582 562 581 0
583 564 582 0
528 526 511 0
525 542 544 0
529 547 530 0
545 529 527 0
545 547 529 0
543 545 528 0
546 563 545 0
563 546 564 0
563 547 545 0
561 566 581 0
543 544 562 0
546 543 562 0
528 524 543 0
523 505 519 0
542 523 532 0
525 506 507 0
587 568 567 0
577 558 576 0
597 577 576 0
568 566 550 0
567 568 549 0
558 567 549 0
577 587 567 0
587 585 568 0
585 588 581 0
568 585 566 0
603 588 585 0
586 604 587 0
606 626 607 0
602 601 619 0
583 584 565 0
564 583 563 0
601 584 583 0
619 601 600 0
602 584 601 0
597 576 578 0
580 597 578 0
586 587 577 0
597 586 577 0
596 604 586 0
624 625 626 0
604 622 603 0
622 640 624 0
639 623 621 0
640 641 624 0
639 640 623 0
655 656 640 0
568 550 549 0
606 624 626 0
603 606 588 0
603 622 606 0
622 623 640 0
606 622 624 0
604 605 622 0
587 604 603 0
596 617 605 0
642 654 637 0
617 597 599 0
619 638 620 0
607 626 619 0
588 607 600 0
588 606 607 0
581 588 600 0
585 587 603 0
642 657 654 0
626 642 637 0
625 641 642 0
619 620 602 0
607 619 600 0
626 637 619 0
580 599 597 0
654 657 670 0
641 625 624 0
656 641 640 0
671 656 655 0
671 672 656 0
657 642 641 0
656 657 641 0
684 686 671 0
685 670 672 0
637 638 619 0
625 642 626 0
654 638 637 0
575 595 593 0
672 670 657 0
599 618 617 0
686 672 671 0
698 686 684 0
698 699 686 0
686 685 672 0
663 647 664 0
679 663 664 0
653 635 636 0
695 700 689 0
706 705 712 0
696 697 706 0
684 696 698 0
683 697 696 0
691 678 690 0
706 697 705 0
707 706 713 0
707 698 706 0
709 711 705 0
708 709 703 0
708 710 714 0
700 708 703 0
710 715 714 0
715 717 711 0
696 706 698 0
714 715 711 0
709 714 711 0
709 708 714 0
700 693 689 0
710 708 704 0
703 693 700 0
701 702 690 0
709 701 703 0
709 702 701 0
709 705 702 0
712 705 711 0
712 713 706 0
684 669 683 0
653 639 635 0
662 653 646 0
662 668 653 0
655 669 671 0
672 657 656 0
646 630 647 0
640 639 655 0
636 630 646 0
653 636 646 0
635 617 618 0
621 635 639 0
621 617 635 0
668 655 653 0
598 612 618 0
580 598 599 0
579 574 592 0
681 666 680 0
679 664 666 0
692 679 681 0
702 705 697 0
691 702 697 0
683 691 697 0
683 678 691 0
690 692 701 0
690 678 677 0
663 646 647 0
677 662 663 0
692 690 679 0
678 662 677 0
690 702 691 0
679 690 677 0
692 703 701 0
683 669 668 0
678 683 668 0
648 647 631 0
650 648 632 0
633 650 632 0
651 666 650 0
664 647 648 0
676 689 680 0
665 676 680 0
666 665 680 0
651 649 665 0
667 660 675 0
665 661 676 0
658 660 667 0
659 674 660 0
682 694 695 0
700 704 708 0
674 687 675 0
687 688 675 0
674 659 673 0
687 674 673 0
675 660 674 0
682 689 676 0
682 695 689 0
688 682 675 0
688 694 682 0
694 704 695 0
660 658 645 0
659 660 645 0
695 704 700 0
574 579 559 0
573 594 572 0
615 614 595 0
666 664 650 0
613 608 614 0
631 613 632 0
631 612 613 0
630 631 647 0
613 614 632 0
592 608 613 0
598 592 612 0
574 594 592 0
594 614 608 0
555 572 574 0
593 614 594 0
557 575 573 0
612 631 630 0
595 614 593 0
681 680 693 0
703 692 693 0
679 666 681 0
648 631 632 0
616 609 627 0
618 599 598 0
630 618 612 0
636 635 618 0
605 617 621 0
596 597 617 0
605 604 596 0
623 605 621 0
623 622 605 0
596 586 597 0
580 579 598 0
651 665 666 0
628 611 629 0
628 627 610 0
645 658 644 0
649 661 665 0
633 649 651 0
634 643 652 0
589 569 570 0
595 589 609 0
595 575 589 0
594 608 592 0
579 592 598 0
630 636 618 0
556 535 536 0
575 556 569 0
557 537 556 0
693 692 681 0
612 592 613 0
680 689 693 0
633 615 616 0
627 609 610 0
644 658 643 0
629 644 628 0
629 645 644 0
616 595 609 0
643 634 627 0
634 649 633 0
616 634 633 0
652 658 667 0
649 652 661 0
643 658 652 0
661 652 667 0
676 661 667 0
649 634 652 0
628 643 627 0
628 644 643 0
667 675 682 0
650 664 648 0
615 632 614 0
616 615 595 0
633 632 615 0
627 634 616 0
651 650 633 0
569 589 575 0
676 667 682 0
610 591 611 0
628 610 611 0
590 570 571 0
609 590 610 0
609 589 590 0
540 560 541 0
589 570 590 0
580 560 579 0
552 556 536 0
556 575 557 0
571 570 553 0
590 591 610 0
552 570 569 0
556 552 569 0
536 534 552 0
571 591 590 0
522 541 521 0
551 555 539 0
533 551 539 0
533 537 551 0
575 593 573 0
555 559 539 0
572 555 554 0
573 572 554 0
557 573 554 0
593 594 573 0
594 574 572 0
574 559 555 0
579 560 559 0
540 559 560 0
522 540 541 0
520 522 504 0
520 539 522 0
497 479 483 0
502 497 514 0
502 486 497 0
551 554 555 0
539 559 540 0
553 570 552 0
504 503 485 0
536 516 534 0
553 552 534 0
515 498 500 0
535 515 517 0
518 533 514 0
535 518 515 0
535 556 537 0
537 518 535 0
554 537 557 0
533 518 537 0
501 514 497 0
515 501 498 0
501 497 483 0
518 514 501 0
533 539 520 0
551 537 554 0
521 504 522 0
482 463 480 0
499 482 480 0
481 483 464 0
518 501 515 0
481 462 463 0
500 481 482 0
498 483 481 0
501 483 498 0
464 460 446 0
517 516 536 0
535 517 536 0
500 499 516 0
515 500 517 0
498 481 500 0
503 484 485 0
485 484 465 0
466 467 485 0
448 466 465 0
448 432 447 0
504 521 503 0
486 504 485 0
467 486 485 0
520 514 533 0
540 522 539 0
497 486 479 0
504 502 520 0
504 486 502 0
520 502 514 0
460 479 467 0
449 460 467 0
466 449 467 0
433 426 442 0
444 428 445 0
446 444 462 0
446 430 444 0
442 430 446 0
415 426 433 0
415 411 426 0
414 393 394 0
410 407 408 0
409 410 429 0
409 390 410 0
415 395 411 0
370 376 354 0
411 395 390 0
375 374 354 0
394 375 395 0
394 374 375 0
370 349 368 0
390 370 388 0
390 395 376 0
415 394 395 0
430 426 411 0
414 412 393 0
433 414 415 0
433 432 414 0
352 351 330 0
331 353 332 0
373 372 352 0
393 373 394 0
415 414 394 0
391 372 393 0
351 371 350 0
393 372 373 0
391 371 372 0
412 391 393 0
432 412 414 0
449 466 447 0
431 413 432 0
413 392 412 0
351 350 329 0
332 352 330 0
372 371 351 0
388 389 407 0
445 443 461 0
462 444 463 0
429 427 445 0
517 500 516 0
466 485 465 0
442 460 449 0
433 442 449 0
426 430 442 0
479 486 467 0
500 482 499 0
447 466 448 0
433 447 432 0
433 449 447 0
463 461 480 0
481 463 482 0
464 446 462 0
479 464 483 0
479 460 464 0
444 430 428 0
481 464 462 0
460 442 446 0
428 429 445 0
463 444 445 0
430 411 428 0
712 716 718 0
716 719 718 0
711 716 712 0
711 717 716 0
718 713 712 0
716 717 719 0
668 669 655 0
639 653 655 0
662 678 668 0
663 662 646 0
663 679 677 0
696 684 683 0
699 698 707 0
699 685 686 0
671 669 684 0
9 18 17 0
9 10 18 0
31 46 30 0
18 19 30 0
36 37 51 0
31 36 35 0
24 37 36 0
25 24 13 0
36 51 50 0
25 37 24 0
25 26 38 0
11 13 19 0
3 1 2 0
7 8 2 0
8 3 2 0
12 16 7 0
14 4 8 0
16 8 7 0
22 16 12 0
27 26 16 0
16 14 8 0
39 52 51 0
38 39 51 0
25 38 37 0
27 39 38 0
27 33 39 0
14 16 26 0
48 34 49 0
22 33 27 0
16 22 27 0
12 23 22 0
23 34 33 0
14 5 4 0
3 8 4 0
26 25 15 0
67 68 52 0
14 26 15 0
49 67 48 0
11 6 13 0
20 31 19 0
13 20 19 0
24 31 20 0
19 31 30 0
11 19 10 0
13 24 20 0
69 64 50 0
29 32 21 0
65 45 46 0
65 47 45 0
29 17 18 0
29 18 30 0
45 29 30 0
21 17 29 0
35 36 50 0
46 35 50 0
31 24 36 0
46 31 35 0
6 15 13 0
26 27 38 0
15 5 14 0
13 15 25 0
6 5 15 0
22 23 33 0
48 33 34 0
52 48 67 0
52 39 48 0
88 86 69 0
115 99 100 0
87 67 80 0
70 68 88 0
48 39 33 0
70 52 68 0
51 37 38 0
49 63 67 0
45 47 32 0
19 18 10 0
45 30 46 0
45 32 29 0
83 65 82 0
66 83 84 0
66 65 83 0
101 86 105 0
102 84 101 0
103 102 118 0
103 84 102 0
82 86 101 0
64 82 65 0
46 64 65 0
46 50 64 0
69 86 82 0
64 69 82 0
50 70 69 0
70 88 69 0
51 70 50 0
51 52 70 0
99 81 100 0
99 80 81 0
116 99 115 0
98 87 99 0
116 98 99 0
132 133 115 0
143 121 122 0
106 88 87 0
67 63 80 0
105 118 101 0
63 81 80 0
121 136 118 0
106 86 88 0
65 66 47 0
68 87 88 0
117 115 100 0
122 121 105 0
106 122 105 0
116 133 122 0
82 101 83 0
87 98 106 0
67 87 68 0
80 99 87 0
116 106 98 0
105 86 106 0
103 120 104 0
85 103 104 0
118 120 103 0
84 83 101 0
105 121 118 0
134 135 156 0
155 134 156 0
132 117 134 0
134 155 133 0
155 177 165 0
178 156 179 0
185 165 189 0
155 156 177 0
133 132 134 0
143 133 155 0
116 115 133 0
134 117 135 0
143 122 133 0
115 117 132 0
157 180 179 0
84 103 85 0
66 84 85 0
101 118 102 0
136 120 118 0
142 136 121 0
159 141 136 0
119 104 120 0
141 119 120 0
206 180 207 0
178 179 205 0
189 178 205 0
177 156 178 0
156 157 179 0
270 236 237 0
205 236 217 0
186 184 160 0
159 136 142 0
165 177 189 0
142 165 160 0
143 155 165 0
122 106 116 0
135 157 156 0
237 238 272 0
448 431 432 0
429 428 409 0
443 445 427 0
409 411 390 0
407 410 390 0
428 411 409 0
445 461 463 0
432 413 412 0
391 412 392 0
429 410 427 0
391 392 371 0
407 389 408 0
328 304 326 0
333 328 349 0
333 309 328 0
427 410 408 0
372 351 352 0
347 327 348 0
349 347 368 0
328 326 347 0
309 331 306 0
304 309 281 0
333 331 309 0
354 374 353 0
370 354 349 0
376 395 375 0
354 376 375 0
370 390 376 0
354 353 333 0
368 348 369 0
388 368 369 0
389 388 369 0
407 390 388 0
349 328 347 0
328 309 304 0
374 373 352 0
349 354 333 0
394 373 374 0
332 307 331 0
353 352 332 0
333 353 331 0
374 352 353 0
330 308 332 0
329 330 351 0
329 305 308 0
368 347 348 0
368 388 370 0
281 249 273 0
308 307 332 0
329 308 330 0
305 277 280 0
301 274 303 0
280 308 305 0
248 280 277 0
247 279 280 0
186 185 213 0
306 331 307 0
300 306 307 0
281 309 306 0
302 304 281 0
273 302 281 0
273 301 302 0
270 273 249 0
301 326 302 0
274 301 272 0
326 304 302 0
327 326 303 0
327 347 326 0
270 249 236 0
206 237 236 0
272 273 270 0
303 326 301 0
178 189 177 0
206 205 179 0
180 206 179 0
237 272 270 0
207 237 206 0
207 238 237 0
205 217 189 0
206 236 205 0
249 244 217 0
301 273 272 0
278 306 300 0
274 272 238 0
141 140 119 0
136 141 120 0
212 184 186 0
142 160 159 0
143 142 121 0
143 165 142 0
278 249 281 0
306 278 281 0
213 185 189 0
217 213 189 0
249 217 236 0
244 213 217 0
300 271 278 0
246 279 245 0
279 300 307 0
216 245 247 0
271 300 279 0
213 244 246 0
244 278 271 0
308 280 307 0
278 244 249 0
186 160 185 0
246 271 279 0
212 214 245 0
244 271 246 0
164 162 140 0
159 164 141 0
184 212 188 0
160 165 185 0
275 305 276 0
241 275 276 0
243 215 247 0
184 164 159 0
160 184 159 0
212 216 188 0
163 162 188 0
161 163 187 0
161 139 163 0
140 141 164 0
187 163 188 0
182 161 187 0