2456.75165588 39.3726733828 2
470.441377201 50.7024495794 2
101.100686482 135.708137051 1
713.281949301 327.785066016 1
2768.83598334 231.54026851 1
2413.81739548 325.243049753 0
2135.75730546 228.7716504 1
380.756137877 420.076968566 0
48.2303277679 512.368874951 1
515.557943682 773.257312824 0
860.281364108 668.524229075 1
1249.90585092 668.524229075 1
2733.45053797 618.462598602 1
2370.88313554 611.113431084 0
1637.27989904 670.094432073 1
2008.3157349 603.7642682 1
170.834524408 877.990398376 1
602.92685496 1047.89263661 0
960.276242314 1041.2165449 0
1326.92366557 1005.13554783 0
2598.72327212 990.014560767 1
2232.35429364 978.553731616 0
1400.91357696 1328.51320521 2
1705.63800335 995.568317836 0
305.475674144 1242.55643322 1
690.295769545 1322.5279604 0
1056.15259346 1398.55863018 1
2462.29582605 1363.21815731 1
2119.27070261 1347.48539286 0
1776.24558505 1331.75263217 4
439.764707762 1607.42575663 1
806.008721746 1678.44943984 0
1172.25274179 1749.47312769 1
2325.33476695 1736.26201423 1
1991.29869515 1727.05921534 0
1657.26262802 1717.85642074 1
573.376640064 1972.5873462 1
933.167690806 2043.60845529 0
1538.89403591 2102.16029001 1
1292.95874212 2114.62957036 1
2189.48751839 2109.71115222 1
1864.19077535 2105.93571837 0
708.174896726 2337.45218532 1
1765.05340818 2386.38238486 0
1065.20983052 2409.18432016 0
1422.24476989 2480.91645898 1
2052.03634506 2482.61955933 1
843.609238904 2702.477389 1
1665.91604101 2666.82905796 0
1212.87849131 2768.08687428 0
1909.58731595 2852.74165946 1
1003.51221641 3055.25729131 1
1452.72242205 2973.95456337 0
1692.56636282 3179.82225455 1
1318.44327017 3267.16537953 1