2999.84621642 213.146579851 -1941293552
2975.4831657 282.549346356 0
2925.25064977 212.472309802 565
2850.19753899 212.469793572 -1941293344
2775.11209455 212.469827586 615148
2700.02635463 212.469827586 65
2948.94772972 351.070439532 -1941293344
2476.93418618 212.010802183 1244
2549.85487478 212.469827586 -1941293232
2624.9406147 212.469827586 -1941292768
2923.36493343 420.063114077 54704
2409.23545817 231.090884281 -1941292656
2387.38696173 299.673552743 618648
2898.42656023 489.269944059 64
528.167107685 212.469827586 -1941292256
2362.14304197 369.324513436 1255
2872.28417619 558.17587462 -1941292720
506.32402063 251.57794684 0
596.251659702 212.469827586 0
672.064635434 212.469827586 -1941292192
748.788571181 212.469827586 619814
2337.986504 439.311595419 65
2845.71483472 627.231984486 -1941291744
825.512506927 212.469827586 1266
902.236442673 212.469827586 -1941265008
978.957618844 212.468705575 -1941291360
1055.00062403 212.687911427 56112
529.149308682 312.424258542 -1078871072
2820.42073252 696.858433649 624302
2314.13248864 509.371955966 64
1081.3079793 281.332931508 0
555.86115129 379.27638027 1277
2793.90172556 766.030313948 -1941290480
2290.08773051 579.442288714 0
1105.41457513 350.076179818 33686018
581.345980525 447.807050928 -1941290912
2767.60963034 835.297812028 626632
2266.11265319 649.227306884 64
1129.65424259 418.776448952 0
606.033894411 516.481703747 1288
2742.59666205 905.062237251 -1941265008
2242.47935723 718.723992169 -1941289952
1153.76127175 487.670876949 57520
633.056476501 583.991568898 -1078871072
2715.88398058 974.103429258 628964
1986.97267851 785.931818182 64
2137.21411182 785.929189678 0
2062.10205734 785.931858544 1299
2211.58601026 785.474274341 -1941289328
1911.84318121 785.931818182 0
1177.92562612 556.487284066 741
658.980015862 652.099745955 -1941289504
2689.80098819 1043.24795819 630312
1836.7136839 785.931818182 65
1202.16178889 625.195905212 -1941288736
683.948901204 720.688383315 1310
2664.69449037 1112.67936537 -1941265008
1761.5841866 785.931818182 -1941288608
1686.4546893 785.931818182 0
1611.32519199 785.931818182 -1941288992
1226.38247719 694.018084445 632462
709.527676403 788.774904981 64
2639.7477932 1182.02991507 0
1313.60470004 786.765107413 1321
1536.19569469 785.931818182 -1941287920
1385.93670008 785.931818182 0
1461.06619739 785.931818182 33686018
1249.7623188 760.819494028 -1941287584
736.70467278 856.256912302 635958
2612.38285592 1250.3648605 65
1916.80177732 1208.24705882 -1941287840
1839.10425407 1208.24705882 1332
761.829501691 924.799462247 -1941265008
2587.0266333 1319.42225186 -1941287264
1994.46844938 1208.24860695 60336
1761.40673081 1208.24705882 -1078871072
786.592022533 993.40906493 639456
2561.95296701 1388.52976734 64
2070.29388163 1208.70611837 -1941288096
1683.70920755 1208.24705882 1343
812.741965149 1061.37421224 -1941265008
2534.38289461 1456.76396692 -1941286560
2048.29234884 1274.48883479 192
1606.01168429 1208.24705882 -1941285920
839.594797542 1129.15585981 640620
2509.36540805 1526.26335858 65
2024.41372092 1340.89585493 -1941286304
1529.02934556 1208.24705882 1354
864.528478201 1197.75921835 -1941265008
2484.14579482 1595.91453775 -1941285152
2004.35605912 1408.84663656 61744
1459.07717093 1208.24705882 -1941285616
889.24588563 1266.42635599 644306
2457.1349615 1664.92649128 64
1980.03131965 1475.16320872 -1941285088
1418.31129064 1234.89848605 1365
916.150541632 1334.2384702 -1941285680
2431.48348494 1734.52491939 0
1955.82090526 1541.28687813 320
1440.53011232 1291.31348896 -1941285152
1464.65930068 1351.81922485 645282
942.497856187 1402.26942931 65
2406.38223208 1804.30479438 -1941293600
1933.1474827 1608.15160819 1376
1482.46270676 1415.29777464 -1941265008
967.293490816 1470.82450018 -1941284384
2379.62911816 1873.39178727 63152
1913.41190141 1676.17401297 -1078871072
1528.90099137 1537.80098835 648972
1506.12769591 1476.4067715 64
993.047200898 1539.03034503 0
2353.40299116 1942.69674433 1387
1888.99764855 1742.45923672 -1941283440
1548.13838858 1600.79566628 0
1020.02519239 1606.7753035 0
2328.49445837 2012.30305706 -1941283680
1864.82583487 1808.59478252 652276
1594.82468802 1723.15888745 64
1571.82715458 1661.85837065 0
1045.27141417 1675.1446025 1398
2302.07017737 2081.09304725 -1941283568
1841.90384162 1875.38381735 -1941282848
1613.94466549 1786.19788996 64560
1070.1421731 1743.73441229 -1078871072
2275.70498398 2149.83526649 653638
1637.51892797 1847.31010516 64
1822.44080886 1943.49450828 0
1097.23447983 1811.4577463 1409
2250.72919769 2219.09396265 144
1660.74362733 1908.51905209 -1941347552
1797.96903378 2009.7576579 492583
1123.13880331 1879.54132902 385
2224.62288325 2287.86040358 0
1679.78497105 1971.589717 711
1774.1908767 2074.91855337 -1941281888
1147.94430508 1948.11234001 0
2198.24730964 2356.47833225 -1941280816
1703.21336713 2032.76260316 -1941282256
1723.27996853 2088.27624438 493850
1753.58122106 2133.36872178 65
1174.17320237 2016.24420549 -1941282384
2173.01080161 2425.70837808 722
1200.89825667 2084.01800027 -1941347552
2148.01508558 2495.21757653 -1941281040
1225.8609834 2152.30790873 1552
2121.09114096 2564.15434805 -1078871072
1250.80495701 2220.69587554 498412
2095.05454164 2633.51839589 64
1278.01212536 2288.21993085 0
2069.80983478 2703.14082589 733
1303.77285129 2356.1918224 -1941280096
2043.59945058 2771.84869348 -1941280656
1328.51683895 2424.62211406 2256
1971.05582036 2779.53577034 -1078871072
1897.00659528 2779.47580686 499578
1822.07693569 2779.47580645 64
1354.43855772 2492.69636478 -1941280080
1747.1469876 2779.47580645 744
1381.09339503 2560.40554074 -1941347552
1672.21703952 2779.47580645 -1941279504
1406.44422519 2628.66981173 2960
1597.28709144 2779.47580645 -1078871072
1524.92395629 2779.93401639 503074
1431.25759166 2697.10959418 64
1457.84197375 2762.75897075 0