2999.84621642 213.146579851 4
2975.4831657 282.549346356 1
2925.25064977 212.472309802 2
2850.19753899 212.469793572 2
2775.11209455 212.469827586 2
2700.02635463 212.469827586 2
2948.94772972 351.070439532 1
2899.57263216 281.770115004 0
2476.93418618 212.010802183 2
2549.85487478 212.469827586 2
2624.9406147 212.469827586 2
2923.36493343 420.063114077 1
2666.16454025 270.087499784 0
2805.94071088 281.669855583 0
2739.70639498 267.829848923 0
2873.94732007 350.865350889 0
2409.23545817 231.090884281 1
2487.28426207 264.754722449 0
2576.72439984 267.421108486 0
2608.80794343 313.492621022 0
2387.38696173 299.673552743 1
2867.59794256 420.069914292 0
2898.42656023 489.269944059 1
2640.89148964 359.564133558 0
2707.38846728 327.705174655 0
2768.92948159 350.752245656 0
2803.38104532 419.893453396 0
528.167107685 212.469827586 2
2442.48895718 321.845966302 0
2497.59095478 344.01838033 0
2560.65327841 372.217192946 0
2362.14304197 369.324513436 1
2837.83261168 489.034663768 0
2872.28417619 558.17587462 1
2563.8122486 431.23530865 0
2622.16628342 416.85383903 0
2680.52036297 402.472374671 0
2741.95070283 411.182914034 0
2761.50437055 472.054049348 0
506.32402063 251.57794684 1
596.251659702 212.469827586 2
672.064635434 212.469827586 2
562.700483501 262.447040529 0
748.788571181 212.469827586 2
2435.02034453 396.303277866 0
2507.89765012 423.282043473 0
2337.986504 439.311595419 1
2799.40686982 531.197108532 0
2845.71483472 627.231984486 1
2566.9712188 490.253426984 0
2653.65226129 477.239574687 0
2719.62769842 524.214650562 0
825.512506927 212.469827586 2
902.236442673 212.469827586 2
978.957618844 212.468705575 2
1055.00062403 212.687911427 2
529.149308682 312.424258542 1
706.927921466 271.304132116 0
641.825081452 290.915567851 0
594.595643761 323.674193994 0
793.436501756 274.390115578 0
737.7210594 334.074577215 0
2820.42073252 696.858433649 1
2483.05173921 493.003133228 0
2410.51912126 466.157363738 0
2314.13248864 509.371955966 1
2769.77449822 610.394835275 0
2700.64959569 573.540444327 0
2541.95349285 559.883396444 0
2628.11697774 546.694674837 0
857.373114059 274.390115578 0
959.090891503 264.046482278 0
1021.10993682 258.337861676 0
1081.3079793 281.332931508 1
555.86115129 379.27638027 1
680.463840707 361.523668446 0
623.206627275 388.972743892 0
812.509786609 336.310406242 0
729.284491251 398.230696907 0
2744.65887261 680.084698367 0
2793.90172556 766.030313948 1
2466.01315685 543.046248413 0
2386.45938039 536.155736785 0
2365.8495859 596.216023274 0
2290.08773051 579.442288714 1
2517.37330058 629.763492259 0
2668.89701527 663.310961244 0
2603.44005649 616.507084822 0
870.929578941 379.533860387 0
948.133489867 322.518891669 0
1015.9453415 315.623137013 0
1105.41457513 350.076179818 1
581.345980525 447.807050928 1
649.929615737 455.679326885 0
829.19693617 424.747747241 0
722.783131708 460.150987571 0
787.584201677 455.707820228 0
2649.95486925 712.719449104 0
2721.9282958 739.374880642 0
2767.60963034 835.297812028 1
2441.61144324 612.989757766 0
2387.62354298 649.303164546 0
2337.75507612 675.808805441 0
2266.11265319 649.227306884 1
2492.3079691 699.28573631 0
2577.98144006 686.064014935 0
882.054347069 438.492085088 0
1129.65424259 418.776448952 1
967.951326737 394.249828857 0
1039.18020391 383.865740325 0
606.033894411 516.481703747 1
677.919801627 522.071278236 0
845.884088361 513.185088239 0
774.941552054 536.787246706 0
2692.59101748 818.644407663 0
2624.32477714 782.134809577 0
2742.59666205 905.062237251 1
2409.39750269 702.390305817 0
2242.47935723 718.723992169 1
2317.49796666 735.377394326 0
2456.81534475 798.583239591 0
2542.55379715 785.337602328 0
1153.76127175 487.670876949 1
916.826627299 489.582927142 0
1062.41506632 452.108346267 0
1083.07823288 511.160713963 0
987.769166238 465.980768676 0
633.056476501 583.991568898 1
703.791412371 575.340599592 0
871.029125437 581.630228157 0
800.346088745 605.120067976 0
2671.15133038 878.442487524 0
2599.70600271 851.822736459 0
2648.25474716 937.620651053 0
2715.88398058 974.103429258 1
2385.37001446 771.963488526 0
1986.97267851 785.931818182 1
2137.21411182 785.929189678 1
2062.10205734 785.931858544 1
2211.58601026 785.474274341 1
2283.62857631 812.421294256 0
2427.71371066 866.315338272 0
2512.99628273 864.655097921 0
1911.84318121 785.931818182 1
1177.92562612 556.487284066 1
1061.70335097 562.160856637 0
1111.01163202 589.671227891 0
941.712159499 558.140390969 0
1012.39519619 534.650553781 0
729.663052053 628.609905163 0
658.980015862 652.099745955 1
895.653211288 650.316481579 0
818.181006245 654.111952172 0
754.517002442 697.231082431 0
2571.79884502 920.209384918 0
2621.48456092 1006.42314553 0
2689.80098819 1043.24795819 1
1988.22197186 856.317947363 0
2348.21885973 859.123895798 0
2381.50168867 908.176181356 0
2050.8297884 856.317981562 0
2188.03732008 856.012912592 0
2126.06073987 856.392010061 0
2252.52544206 873.40066797 0
2484.85171033 932.773520663 0
1836.7136839 785.931818182 1
1899.72002561 856.317689552 0
1202.16178889 625.195905212 1
1135.66791264 658.204617987 0
1044.09764033 622.855173278 0
966.221314395 626.859181152 0
1069.17403925 691.213333655 0
920.656581388 718.669617279 0
683.948901204 720.688383315 1
776.441668288 755.590957454 0
850.280278913 742.038046676 0
2553.16813694 969.59833178 0
2551.41736821 1030.87809178 0
2608.05592805 1071.77872683 0
2664.69449037 1112.67936537 1
1913.49604524 926.703562591 0
2039.55752099 926.704107151 0
1976.5267818 926.703833556 0
2301.31443977 937.814185331 0
2425.6669016 983.752094052 0
2354.48516432 987.086593867 0
2114.90736791 926.8548317 0
2200.07950229 924.884284613 0
2479.18712274 1033.32154786 0
1761.5841866 785.931818182 1
1824.1625227 856.317689552 0
1761.55460883 856.317689552 0
1837.51053975 926.703562591 0
1686.4546893 785.931818182 1
1611.32519199 785.931818182 1
1226.38247719 694.018084445 1
869.69241909 790.23948066 0
1160.01776421 726.986850646 0
1086.47453097 740.372034523 0
991.032881233 695.301190512 0
946.56658751 786.725983934 0
709.527676403 788.774904981 1
803.198545703 823.248196328 0
853.330876541 850.22435226 0
2532.70734651 1082.8910043 0
2586.22757029 1132.4604581 0
2639.7477932 1182.02991507 1
1875.47371661 997.089438262 0
1951.8872273 997.089438262 0
2066.19796794 997.318987114 0
2009.04259762 997.204211373 0
2283.30342441 990.421127881 0
2402.11821517 1054.29046212 0
2336.82364555 1039.99054749 0
2140.9399446 997.09019591 0
2212.1216845 993.755661895 0
2440.78658582 1095.87635273 0
1313.60470004 786.765107413 1
1863.35056079 1067.4753113 0
1698.94669496 856.317689552 0
1761.52503426 926.703562591 0
1799.06020591 997.089438262 0
1536.19569469 785.931818182 1
1610.43960565 856.317689552 0
1385.93670008 785.931818182 1
1461.06619739 785.931818182 1
1249.7623188 760.819494028 1
1181.13540103 783.882994942 0
903.46320738 877.200508191 0
967.326204207 839.475593134 0
1112.50848616 806.946497429 0
1027.28834374 792.924386975 0
1272.31528219 824.254391999 0
736.70467278 856.256912302 1
832.646353785 900.999983912 0
2479.45495911 1137.46224597 0
2568.56605415 1185.36443803 0
2612.38285592 1250.3648605 1
1940.1920767 1067.4753113 0
2003.87767346 1067.62833773 0
1915.97534226 1137.86118434 0
1916.80177732 1208.24705882 2
2067.56327286 1067.78136416 0
2378.56952612 1124.82923794 0
2259.75473536 1060.9597748 0
2319.16212942 1092.89450637 0
2169.01877527 1071.59633366 0
2118.97367389 1104.92003349 0
2426.20257434 1192.03349028 0
1335.27739112 849.558079987 0
1839.10425407 1208.24705882 2
1851.2274076 1137.86118434 0
1786.50904751 1067.4753113 0
1685.53952614 926.703562591 0
1723.93070821 997.089438262 0
1609.55402066 926.703562591 0
1535.00130072 856.317689552 0
1399.00333789 861.378971183 0
1460.71087686 861.374304283 0
920.921224064 925.95315985 0
1210.54680782 837.879479248 0
1148.77833872 851.504566496 0
988.085823536 892.225207596 0
1088.28505654 871.873250109 0
1229.69632046 888.974459426 0
1294.77487102 887.426650845 0
761.829501691 924.799462247 1
853.756621961 959.681112104 0
923.64912952 985.099336438 0
2497.38431425 1188.69896415 0
2319.29606208 1144.9649133 0
2534.94157343 1244.4136094 0
2457.50028989 1238.46236263 0
2587.0266333 1319.42225186 1
2005.74071612 1137.86248129 0
1994.46844938 1208.24860695 2
2068.92857514 1138.24374121 0
2355.02083706 1195.3680164 0
2236.2060463 1131.49842435 0
2147.0525072 1179.4261765 0
2365.56973765 1271.972478 0
1356.76322108 911.809649499 0
1761.40673081 1208.24705882 2
1761.43630529 1137.86118434 0
1533.80691114 926.703562591 0
1684.62436659 1067.4753113 0
1666.29956931 997.089438262 0
1608.66843567 997.089438262 0
1471.84798044 930.848692882 0
1411.73129391 934.870576509 0
979.102712503 946.961900597 0
1171.01836492 910.387399986 0
1107.50433854 922.171263778 0
1047.79436153 942.189637906 0
1248.84590938 940.069586925 0
1316.53858934 948.641629332 0
786.592022533 993.40906493 1
868.195546536 1023.23677491 0
943.743399958 1035.6289062 0
2283.83909715 1198.70253989 0
2513.20766645 1303.60566051 0
2439.38870205 1287.78906926 0
2561.95296701 1388.52976734 1
2421.47894053 1337.15158 0
2070.29388163 1208.70611837 4
2291.75077326 1256.15588938 0
2225.17644452 1220.60861443 0
2140.53089373 1234.39520955 0
2338.73943681 1338.97276525 0
1361.0744709 989.930819298 0
1683.70920755 1208.24705882 2
1684.16678681 1137.86118434 0
1532.61251892 997.089438262 0
1607.78285331 1067.4753113 0
1460.02622374 1006.74142072 0
1398.60081911 1033.02702808 0
1011.26529085 1031.32746371 0
1173.48795984 960.22959909 0
1112.51240594 996.76802725 0
1061.88884839 1014.04774416 0
1237.28594628 997.027295362 0
1298.97146085 1032.60654937 0
812.741965149 1061.37421224 1
891.669096928 1082.39238263 0
962.353020173 1086.80471529 0
2491.7159542 1362.84067393 0
2534.38289461 1456.76396692 1
2393.47156288 1403.92477286 0
2048.29234884 1274.48883479 1
2116.74847561 1300.15863948 0
2265.44282581 1322.69973858 0
2193.05933293 1306.6294353 0
2313.09677248 1406.4864062 0
1358.62293851 1067.01260162 0
1606.01168429 1208.24705882 2
1594.37568449 1137.86118434 0
1506.37496169 1067.4753113 0
1436.15352189 1075.8852355 0
1050.74521799 1094.00821436 0
1177.4002371 1034.15178247 0
1117.51453054 1071.27627221 0
1241.05234215 1068.49725447 0
1301.72083563 1103.4899076 0
839.594797542 1129.15585981 1
913.440749497 1142.28196688 0
980.901689205 1146.80628671 0
2460.62085418 1440.00477941 0
2509.36540805 1526.26335858 1
2368.90540025 1472.57404886 0
2024.41372092 1340.89585493 1
2096.37930268 1357.24687379 0
2161.11980555 1393.15026686 0
2240.31047144 1389.94891575 0
2289.94575379 1475.24739842 0
1378.96564111 1124.23067518 0
1529.02934556 1208.24705882 2
1517.7021533 1137.86118434 0
1439.14579116 1150.49924862 0
1035.12655169 1151.05403881 0
1089.3514247 1155.30179091 0
1182.23624743 1106.19888501 0
1137.6938785 1166.4758456 0
1296.61913559 1156.42893926 0
1244.81873801 1139.96721358 0
864.528478201 1197.75921835 1
932.914445923 1202.34549967 0
999.45036613 1206.80771081 0
2436.2255227 1509.25803746 0
2484.14579482 1595.91453775 1
2345.14107886 1541.71721123 0
2004.35605912 1408.84663656 1
2071.96269393 1435.20616478 0
2139.56932825 1461.56569278 0
2217.88179885 1458.49223682 0
2233.68817501 1520.41589743 0
2289.41462693 1531.06655433 0
1338.32123569 1183.15897805 0
1398.8576196 1180.18099886 0
1459.07717093 1208.24705882 2
1064.18960625 1211.14942701 0
1127.18862684 1215.37443653 0
1186.03634283 1177.6498924 0
1265.61721309 1201.13710939 0
1297.67686709 1242.08728619 0
889.24588563 1266.42635599 1
962.523680328 1262.05961217 0
1033.64424281 1257.82142011 0
2411.01464657 1578.39731952 0
2457.1349615 1664.92649128 1
2311.66020395 1629.0478972 0
2050.96635441 1492.15438684 0
1980.03131965 1475.16320872 1
2121.90139316 1509.14556886 0
2181.43207072 1555.2683752 0
2249.49455117 1582.33955805 0
1361.90708631 1246.0566501 0
1418.31129064 1234.89848605 1
1315.41612894 1288.72262545 0
1090.62572771 1260.71913863 0
1169.63145915 1249.7177224 0
1234.61528796 1245.84522954 0
1261.64150388 1316.85196335 0
916.150541632 1334.2384702 1
1072.36141861 1356.58894616 0
985.702500485 1320.47934663 0
1053.20674976 1307.12531575 0
2384.39758147 1646.98719383 0
2431.48348494 1734.52491939 1
2287.02649492 1697.89198864 0
2359.25499096 1716.20845179 0
2214.79800151 1679.57552286 0
2026.35014757 1558.68157831 0
1955.82090526 1541.28687813 1
2089.60481902 1595.63662592 0
2156.49677579 1622.81149865 0
1310.6443845 1340.58253521 0
1440.53011232 1291.31348896 1
1375.7549562 1315.88439719 0
1464.65930068 1351.81922485 1
1134.43148413 1334.75533485 0
1194.66093652 1313.56917299 0
1243.93646773 1365.8865915 0
942.497856187 1402.26942931 1
1090.32845093 1406.46529203 0
1008.39962241 1379.08798792 0
2133.19876291 1691.07175673 0
2406.38223208 1804.30479438 1
2263.57865983 1767.18788806 0
2337.83025425 1775.89037741 0
2192.17687324 1748.62943537 0
1933.1474827 1608.15160819 1
1999.83124257 1635.79165667 0
2066.51500406 1663.4317067 0
1334.26237727 1403.58157947 0
1399.60891416 1377.64162259 0
1482.46270676 1415.29777464 1
1176.45545561 1391.48390219 0
1267.63262713 1430.03092293 0
967.293490816 1470.82450018 1
1113.8356351 1454.50758316 0
1037.86685837 1444.05417512 0
2114.656013 1744.40148734 0
2379.62911816 1873.39178727 1
2237.28028558 1835.40381059 0
2312.09742195 1844.82473679 0
2166.1058696 1816.40982357 0
1982.88518005 1694.23121624 0
1913.41190141 1676.17401297 1
2044.80879857 1731.75712512 0
1528.90099137 1537.80098835 1
1506.12769591 1476.4067715 1
1418.62837182 1441.72910676 0
1353.24606502 1457.94937694 0
1439.34200614 1494.31812095 0
1289.15924116 1495.33727818 0
1200.34272377 1456.74232044 0
1137.34286662 1502.54994268 0
993.047200898 1539.03034503 1
1065.44675959 1520.72650144 0
2096.11326573 1797.73122321 0
2353.40299116 1942.69674433 1
2218.65883238 1884.59914689 0
2282.51587588 1923.24003965 0
2140.74165134 1884.32663309 0
1888.99764855 1742.45923672 1
1954.34373702 1770.63448817 0
2019.68982669 1798.80974267 0
1548.13838858 1600.79566628 1
1465.66945776 1566.18515324 0
1420.74402687 1544.50931944 0
1372.22966858 1512.31707445 0
1314.16030675 1559.19002309 0
1223.17480433 1522.65888729 0
1482.23222418 1620.50407191 0
1205.53898245 1578.64909533 0
1156.31173288 1550.34430411 0
1020.02519239 1606.7753035 1
1092.24395544 1587.40684825 0
2060.76131394 1894.67711679 0
2328.49445837 2012.30305706 1
2187.68725788 1972.68204027 0
2261.30286752 1982.78308687 0
2117.28365904 1952.87153259 0
1864.82583487 1808.59478252 1
1933.56522912 1827.46199168 0
1995.44948679 1865.98300511 0
1594.82468802 1723.15888745 1
1506.62126823 1682.41232965 0
1571.82715458 1661.85837065 1
1402.14592921 1594.70039165 0
1331.32994902 1609.84252909 0
1257.8505897 1614.77527367 0
1423.38850163 1659.07874942 0
1187.90316057 1634.63930338 0
1113.74461477 1645.61649067 0
1045.27141417 1675.1446025 1
2043.14394131 1948.21695522 0
2168.96617663 2021.59125405 0
2302.07017737 2081.09304725 1
2232.70819974 2061.19412533 0
2093.98424398 2021.3962834 0
1971.79137025 1933.44774095 0
1841.90384162 1875.38381735 1
1906.84760469 1904.41577888 0
1613.94466549 1786.19788996 1
1443.88341251 1712.74286576 0
1529.74894454 1744.73405787 0
1348.49966232 1660.49511138 0
1205.52558945 1682.96180053 0
1280.30069215 1680.88915252 0
1384.90353697 1752.54511415 0
1138.07836632 1713.2383595 0
1070.1421731 1743.73441229 1
2025.52656868 2001.75679365 0
2144.61022442 2090.15662057 0
2275.70498398 2149.83526649 1
2206.51199481 2129.54709529 0
2068.12601835 2088.97075452 0
1637.51892797 1847.31010516 1
1957.83131588 1982.3360326 0
1822.44080886 1943.49450828 1
1886.41654931 1972.61836893 0
1549.67571958 1808.52849547 0
1402.09124178 1803.19043039 0
1464.37831551 1766.40699262 0
1306.42821421 1745.51645808 0
1229.09057056 1749.85464386 0
1330.43195492 1810.81548677 0
1212.40215825 1807.79677611 0
1163.16252587 1780.65619484 0
1097.23447983 1811.4577463 1
1577.4844804 1879.85695334 0
1999.95442084 2068.98206808 0
2250.72919769 2219.09396265 1
2119.57479898 2158.4539613 0
2185.15199752 2188.77396137 0
2047.95529126 2141.88789332 0
1660.74362733 1908.51905209 1
1932.62595637 2049.24059579 0
1861.77609774 2039.25922598 0
1797.96903378 2009.7576579 1
1492.36814625 1849.79507965 0
1348.96258246 1862.96637273 0
1419.27885714 1853.83562035 0
1267.79078873 1852.03082976 0
1285.38983049 1900.35611547 0
1195.71364335 1865.73875053 0
1123.13880331 1879.54132902 1
1597.24900307 1932.75163104 0
1517.16027995 1912.56088942 0
1950.20261332 2101.79501862 0
2159.01010909 2256.84194529 0
2224.62288325 2287.86040358 1
1963.5807758 2164.4526768 0
1900.45080843 2134.60796916 0
2093.39733531 2225.82349133 0
2027.78456416 2194.80503474 0
1679.78497105 1971.589717 1
1840.94730886 2095.11553557 0
1774.1908767 2074.91855337 1
1444.62049065 1917.64014414 0
1367.49332313 1915.11762962 0
1216.91034651 1924.14969837 0
1303.88592982 1948.39092746 0
1147.94430508 1948.11234001 1
1468.47696621 1981.89718619 0
1617.07659729 1996.55544453 0
1547.16036325 2002.72600927 0
2074.70961687 2294.49373944 0
2135.36518562 2324.92745244 0
2198.24730964 2356.47833225 1
1914.48637766 2186.14220351 0
1955.55265871 2217.92367715 0
1852.99529707 2183.24937551 0
2016.21633534 2265.14494645 0
1703.21336713 2032.76260316 1
1637.5911544 2049.19663907 0
1723.27996853 2088.27624438 1
1805.32319316 2150.33899094 0
1753.58122106 2133.36872178 1
1402.54835855 2007.05869158 0
1322.36141218 1999.77775723 0
1239.25937401 1982.1973515 0
1174.17320237 2016.24420549 1
1489.92472963 2047.17769986 0
1600.96001436 2108.56514581 0
1571.65115835 2065.71026362 0
1424.84657894 2073.08689572 0
2056.32679904 2344.38039511 0
2113.60356399 2384.30192303 0
2173.01080161 2425.70837808 1
1826.17840238 2218.46526112 0
1947.91173645 2268.81581293 0
1896.63518125 2233.07639009 0
1986.32157559 2346.88190595 0
1628.48726958 2148.81500354 0
1673.80948428 2110.49053657 0
1759.50739989 2189.26925517 0
1716.98553809 2175.32365924 0
1340.83689455 2051.16458963 0
1265.71435248 2048.87884267 0
1200.89825667 2084.01800027 1
1514.77457346 2111.04124914 0
1560.63387886 2133.86073907 0
1578.72702008 2180.5940727 0
1450.24437309 2137.8474973 0
1367.06026693 2116.94679502 0
1864.21060411 2263.04562555 0
2038.24799262 2394.51857404 0
2092.12624442 2443.94582947 0
2148.01508558 2495.21757653 1
1765.64568832 2247.170556 0
1826.55642651 2297.92386335 0
1903.50104565 2309.10086445 0
1926.6007074 2358.81009111 0
1986.12951452 2405.95581925 0
1658.08313466 2198.80384694 0
1711.86440754 2222.98720016 0
1296.73757593 2134.55799335 0
1225.8609834 2152.30790873 1
1607.82036213 2233.24381182 0
1515.32886382 2181.65489267 0
1544.08773597 2237.14621861 0
1458.90978769 2206.98939429 0
1400.58844747 2233.17808851 0
1380.95525041 2184.21890944 0
2029.59173819 2456.90111401 0
2074.58116138 2509.63655152 0
2121.09114096 2564.15434805 1
1731.79343448 2306.38395015 0
1788.90213054 2332.80209588 0
1866.87987341 2370.73824734 0
1921.4497629 2436.17628861 0
1972.00323539 2483.68531147 0
1640.57051999 2262.92927664 0
1686.18196671 2284.6566226 0
1316.9565978 2202.15568584 0
1250.80495701 2220.69587554 1
1567.78711537 2300.62961287 0
1487.06997868 2265.39130035 0
1419.21179216 2282.46746783 0
1340.30724879 2260.24684057 0
2020.39158213 2520.20165473 0
2066.06012603 2574.386646 0
2095.05454164 2633.51839589 1
1690.09424396 2345.33009078 0
1751.2478372 2367.68032841 0
1801.57689338 2390.50454049 0
1914.41473259 2510.46950893 0
1829.75768029 2433.21890533 0
1851.46563258 2486.6882036 0
1971.8905879 2542.59625685 0
1613.49401256 2333.27366584 0
1278.01212536 2288.21993085 1
1517.18766576 2346.18169737 0
1446.09184784 2344.05991537 0
1362.4366742 2318.72653969 0
2011.02911582 2584.61894717 0
2069.80983478 2703.14082589 1
2001.48545857 2650.28293057 0
1923.38959368 2564.99085897 0
1633.76540157 2417.9496225 0
1692.1903054 2424.57800905 0
1750.61521448 2431.2063956 0
1856.82622979 2537.25370901 0
1792.09026491 2496.61723521 0
1932.59370635 2620.90524174 0
1575.34049775 2411.32123594 0
1516.91559392 2404.69285202 0
1303.77285129 2356.1918224 1
1464.80008327 2393.34354657 0
1388.31902355 2383.64575536 0
2043.59945058 2771.84869348 1
2012.20875231 2728.58581745 0
1941.6826171 2693.34722081 0
1865.23970284 2592.18329966 0
1649.14301225 2486.2056609 0
1590.44864363 2475.79408923 0
1707.83738086 2496.61723521 0
1799.23772962 2564.0379091 0
1749.29241676 2564.0379091 0
1877.95176141 2699.35535167 0
1529.63133814 2482.23749398 0
1473.05995113 2454.97093535 0
1328.51683895 2424.62211406 1
1410.56797578 2442.16592812 0
1971.05582036 2779.53577034 1
1897.00659528 2779.47580686 1
1806.61053139 2633.58416901 0
1642.77518023 2536.77110318 0
1559.57031768 2532.79628053 0
1699.3471039 2564.0379091 0
1748.59984253 2633.58416901 0
1822.07693569 2779.47580645 1
1814.22006652 2705.36346411 0
1470.61167294 2538.8557315 0
1513.55246397 2570.9426845 0
1427.79665407 2506.8628189 0
1354.43855772 2492.69636478 1
1747.88503082 2705.36346411 0
1640.04936356 2608.46984823 0
1589.50957345 2583.35552746 0
1690.58915368 2633.58416901 0
1747.1469876 2779.47580645 1
1534.64128651 2631.34160796 0
1450.34204914 2586.61705633 0
1381.09339503 2560.40554074 1
1681.54999513 2705.36346411 0
1623.9822303 2662.36856704 0
1672.21703952 2779.47580645 1
1555.76758104 2691.84769912 0
1472.88742843 2666.37130954 0
1406.44422519 2628.66981173 1
1610.63464996 2720.92213682 0
1597.28709144 2779.47580645 1
1505.89085371 2727.96513295 0
1524.92395629 2779.93401639 1
1431.25759166 2697.10959418 1
1457.84197375 2762.75897075 1