79 75 2
75 71 2
71 72 2
72 76 2
76 80 2
80 84 2
84 88 2
88 92 2
92 96 2
96 100 1
100 101 1
101 105 1
105 110 1
110 109 1
109 114 1
114 119 1
119 118 1
118 123 1
123 126 1
126 130 1
130 134 1
134 138 1
138 139 1
139 140 1
140 135 1
135 131 1
131 127 1
127 122 1
122 117 1
117 113 1
113 108 1
108 104 1
104 99 1
99 95 1
95 91 1
91 87 1
87 83 1
83 79 3
3 1 2
4 3 2
5 4 2
6 5 2
10 6 2
9 10 2
8 9 2
12 8 2
13 12 1
16 13 1
22 16 1
30 22 1
34 30 1
38 34 1
42 38 1
49 42 1
47 49 1
48 47 1
46 48 1
50 46 1
54 50 1
58 54 1
59 58 1
60 59 1
65 60 1
67 65 1
66 67 1
64 66 1
68 64 1
61 68 1
55 61 1
51 55 1
43 51 1
39 43 1
35 39 1
31 35 1
27 31 1
26 27 2
25 26 2
24 25 2
21 24 2
20 21 2
19 20 2
15 19 2
18 15 2
28 18 1
32 28 1
36 32 1
40 36 1
44 40 1
52 44 1
56 52 1
62 56 1
69 62 1
73 69 1
77 73 1
81 77 1
85 81 1
89 85 1
93 89 1
97 93 1
102 97 1
106 102 1
111 106 1
115 111 1
120 115 1
124 120 1
128 124 1
132 128 1
136 132 1
141 136 1
143 141 1
145 143 1
147 145 1
149 147 1
151 149 1
153 151 1
157 153 1
159 157 1
161 159 1
164 161 1
165 164 1
163 165 1
162 163 1
160 162 1
158 160 1
156 158 1
155 156 1
154 155 1
152 154 1
150 152 1
148 150 1
146 148 1
144 146 1
142 144 1
137 142 1
133 137 1
129 133 1
125 129 1
121 125 1
116 121 1
112 116 1
107 112 1
103 107 1
98 103 1
94 98 1
90 94 1
86 90 1
82 86 1
78 82 1
74 78 1
70 74 1
63 70 1
57 63 1
53 57 1
45 53 1
41 45 1
37 41 1
33 37 1
29 33 1
23 29 1
17 23 1
14 17 1
11 14 1
7 11 1
2 7 1
1 2 3